2 0.279549 0.355289 0.278744 0.359622 0.276452 0.363295 0.273022 0.365750 0.268975 0.366612 0.264929 0.365750 0.261499 0.363295 0.259207 0.359622 0.258402 0.355289 0.259207 0.350956 0.261499 0.347283 0.264929 0.344829 0.268975 0.343967 0.273022 0.344829 0.276452 0.347283 0.278744 0.350956
2 0.762992 0.666570 0.761744 0.672421 0.758190 0.677381 0.752872 0.680696 0.746598 0.681860 0.740325 0.680696 0.735006 0.677381 0.731453 0.672421 0.730205 0.666570 0.731453 0.660719 0.735006 0.655759 0.740325 0.652445 0.746598 0.651281 0.752872 0.652445 0.758190 0.655759 0.761744 0.660719
2 0.788279 0.686901 0.786884 0.694697 0.782913 0.701306 0.776970 0.705722 0.769959 0.707273 0.762948 0.705722 0.757005 0.701306 0.753034 0.694697 0.751639 0.686901 0.753034 0.679105 0.757005 0.672496 0.762948 0.668080 0.769959 0.666529 0.776970 0.668080 0.782913 0.672496 0.786884 0.679105
2 0.795861 0.720000 0.794516 0.727306 0.790687 0.733499 0.784956 0.737638 0.778197 0.739091 0.771437 0.737638 0.765706 0.733499 0.761877 0.727306 0.760533 0.720000 0.761877 0.712694 0.765706 0.706501 0.771437 0.702362 0.778197 0.700909 0.784956 0.702362 0.790687 0.706501 0.794516 0.712694
2 0.790820 0.763306 0.789425 0.771102 0.785454 0.777711 0.779511 0.782127 0.772500 0.783678 0.765489 0.782127 0.759546 0.777711 0.755575 0.771102 0.754180 0.763306 0.755575 0.755510 0.759546 0.748901 0.765489 0.744485 0.772500 0.742934 0.779511 0.744485 0.785454 0.748901 0.789425 0.755510
2 0.814795 0.779215 0.813401 0.785303 0.809429 0.790464 0.803486 0.793913 0.796475 0.795124 0.789465 0.793913 0.783521 0.790464 0.779550 0.785303 0.778156 0.779215 0.779550 0.773127 0.783521 0.767965 0.789465 0.764517 0.796475 0.763306 0.803486 0.764517 0.809429 0.767965 0.813401 0.773127
2 0.778197 0.813554 0.777139 0.821587 0.774127 0.828397 0.769620 0.832948 0.764303 0.834545 0.758986 0.832948 0.754479 0.828397 0.751467 0.821587 0.750410 0.813554 0.751467 0.805521 0.754479 0.798710 0.758986 0.794160 0.764303 0.792562 0.769620 0.794160 0.774127 0.798710 0.777139 0.805521
2 0.818607 0.718099 0.817452 0.724678 0.814165 0.730254 0.809246 0.733981 0.803443 0.735289 0.797640 0.733981 0.792720 0.730254 0.789433 0.724678 0.788279 0.718099 0.789433 0.711521 0.792720 0.705944 0.797640 0.702218 0.803443 0.700909 0.809246 0.702218 0.814165 0.705944 0.817452 0.711521
2 0.823648 0.744215 0.822733 0.749576 0.820130 0.754120 0.816235 0.757157 0.811639 0.758223 0.807044 0.757157 0.803148 0.754120 0.800545 0.749576 0.799631 0.744215 0.800545 0.738854 0.803148 0.734310 0.807044 0.731273 0.811639 0.730207 0.816235 0.731273 0.820130 0.734310 0.822733 0.738854
2 0.750369 0.776653 0.749121 0.781761 0.745567 0.786091 0.740249 0.788984 0.733975 0.790000 0.727702 0.788984 0.722383 0.786091 0.718830 0.781761 0.717582 0.776653 0.718830 0.771545 0.722383 0.767215 0.727702 0.764322 0.733975 0.763306 0.740249 0.764322 0.745567 0.767215 0.749121 0.771545
2 0.992828 0.474959 0.991674 0.480066 0.988386 0.484397 0.983467 0.487290 0.977664 0.488306 0.971861 0.487290 0.966941 0.484397 0.963654 0.480066 0.962500 0.474959 0.963654 0.469851 0.966941 0.465521 0.971861 0.462628 0.977664 0.461612 0.983467 0.462628 0.988386 0.465521 0.991674 0.469851
2 0.967541 0.462893 0.966196 0.467763 0.962367 0.471892 0.956637 0.474651 0.949877 0.475620 0.943117 0.474651 0.937387 0.471892 0.933558 0.467763 0.932213 0.462893 0.933558 0.458022 0.937387 0.453893 0.943117 0.451134 0.949877 0.450165 0.956637 0.451134 0.962367 0.453893 0.966196 0.458022
2 0.862787 0.487066 0.861633 0.493391 0.858345 0.498754 0.853426 0.502337 0.847623 0.503595 0.841820 0.502337 0.836900 0.498754 0.833613 0.493391 0.832459 0.487066 0.833613 0.480741 0.836900 0.475378 0.841820 0.471795 0.847623 0.470537 0.853426 0.471795 0.858345 0.475378 0.861633 0.480741
2 0.857705 0.527810 0.856647 0.536571 0.853636 0.543997 0.849128 0.548960 0.843811 0.550702 0.838495 0.548960 0.833987 0.543997 0.830976 0.536571 0.829918 0.527810 0.830976 0.519049 0.833987 0.511622 0.838495 0.506660 0.843811 0.504917 0.849128 0.506660 0.853636 0.511622 0.856647 0.519049
2 0.991516 0.576818 0.990172 0.582416 0.986343 0.587162 0.980612 0.590333 0.973852 0.591446 0.967093 0.590333 0.961362 0.587162 0.957533 0.582416 0.956189 0.576818 0.957533 0.571220 0.961362 0.566475 0.967093 0.563304 0.973852 0.562190 0.980612 0.563304 0.986343 0.566475 0.990172 0.571220
2 0.967541 0.718760 0.966100 0.726066 0.961995 0.732260 0.955852 0.736398 0.948607 0.737851 0.941361 0.736398 0.935218 0.732260 0.931113 0.726066 0.929672 0.718760 0.931113 0.711455 0.935218 0.705261 0.941361 0.701123 0.948607 0.699669 0.955852 0.701123 0.961995 0.705261 0.966100 0.711455
2 0.951148 0.564711 0.949850 0.572507 0.946154 0.579116 0.940623 0.583532 0.934098 0.585083 0.927574 0.583532 0.922043 0.579116 0.918347 0.572507 0.917049 0.564711 0.918347 0.556915 0.922043 0.550306 0.927574 0.545890 0.934098 0.544339 0.940623 0.545890 0.946154 0.550306 0.949850 0.556915
2 0.913279 0.280207 0.912558 0.284350 0.910506 0.287862 0.907434 0.290209 0.903811 0.291033 0.900189 0.290209 0.897117 0.287862 0.895065 0.284350 0.894344 0.280207 0.895065 0.276064 0.897117 0.272551 0.900189 0.270204 0.903811 0.269380 0.907434 0.270204 0.910506 0.272551 0.912558 0.276064
2 0.903156 0.298678 0.901714 0.304529 0.897610 0.309489 0.891467 0.312803 0.884221 0.313967 0.876975 0.312803 0.870833 0.309489 0.866728 0.304529 0.865287 0.298678 0.866728 0.292827 0.870833 0.287867 0.876975 0.284552 0.884221 0.283388 0.891467 0.284552 0.897610 0.287867 0.901714 0.292827
2 0.751680 0.273843 0.750719 0.277496 0.747983 0.280593 0.743888 0.282662 0.739057 0.283388 0.734227 0.282662 0.730132 0.280593 0.727395 0.277496 0.726434 0.273843 0.727395 0.270190 0.730132 0.267093 0.734227 0.265024 0.739057 0.264298 0.743888 0.265024 0.747983 0.267093 0.750719 0.270190
2 0.775615 0.291033 0.774127 0.297849 0.769889 0.303627 0.763547 0.307487 0.756066 0.308843 0.748584 0.307487 0.742242 0.303627 0.738004 0.297849 0.736516 0.291033 0.738004 0.284217 0.742242 0.278440 0.748584 0.274579 0.756066 0.273223 0.763547 0.274579 0.769889 0.278440 0.774127 0.284217
2 0.779426 0.012893 0.777985 0.018000 0.773880 0.022330 0.767738 0.025224 0.760492 0.026240 0.753246 0.025224 0.747103 0.022330 0.742999 0.018000 0.741557 0.012893 0.742999 0.007785 0.747103 0.003455 0.753246 0.000561 0.760492 0.000000 0.767738 0.000561 0.773880 0.003455 0.777985 0.007785
2 0.746598 0.017355 0.745110 0.023681 0.740873 0.029043 0.734530 0.032626 0.727049 0.033884 0.719568 0.032626 0.713226 0.029043 0.708988 0.023681 0.707500 0.017355 0.708988 0.011030 0.713226 0.005668 0.719568 0.002085 0.727049 0.000826 0.734530 0.002085 0.740873 0.005668 0.745110 0.011030
2 0.670861 0.072727 0.669516 0.079796 0.665687 0.085788 0.659956 0.089792 0.653197 0.091198 0.646437 0.089792 0.640706 0.085788 0.636877 0.079796 0.635533 0.072727 0.636877 0.065659 0.640706 0.059666 0.646437 0.055662 0.653197 0.054256 0.659956 0.055662 0.665687 0.059666 0.669516 0.065659
2 0.643074 0.081653 0.641729 0.089686 0.637900 0.096496 0.632170 0.101047 0.625410 0.102645 0.618650 0.101047 0.612920 0.096496 0.609090 0.089686 0.607746 0.081653 0.609090 0.073620 0.612920 0.066809 0.618650 0.062259 0.625410 0.060661 0.632170 0.062259 0.637900 0.066809 0.641729 0.073620
2 0.607746 0.067645 0.606401 0.074223 0.602572 0.079800 0.596842 0.083526 0.590082 0.084835 0.583322 0.083526 0.577592 0.079800 0.573763 0.074223 0.572418 0.067645 0.573763 0.061066 0.577592 0.055489 0.583322 0.051763 0.590082 0.050455 0.596842 0.051763 0.602572 0.055489 0.606401 0.061066
2 0.629221 0.110909 0.628020 0.118942 0.624600 0.125752 0.619481 0.130303 0.613443 0.131901 0.607404 0.130303 0.602285 0.125752 0.598865 0.118942 0.597664 0.110909 0.598865 0.102876 0.602285 0.096066 0.607404 0.091515 0.613443 0.089917 0.619481 0.091515 0.624600 0.096066 0.628020 0.102876
2 0.389057 0.546198 0.387700 0.554848 0.383836 0.562181 0.378052 0.567081 0.371230 0.568802 0.364407 0.567081 0.358623 0.562181 0.354759 0.554848 0.353402 0.546198 0.354759 0.537548 0.358623 0.530215 0.364407 0.525316 0.371230 0.523595 0.378052 0.525316 0.383836 0.530215 0.387700 0.537548
2 0.325738 0.625992 0.324381 0.634642 0.320516 0.641975 0.314732 0.646874 0.307910 0.648595 0.301087 0.646874 0.295304 0.641975 0.291439 0.634642 0.290082 0.625992 0.291439 0.617342 0.295304 0.610009 0.301087 0.605109 0.307910 0.603388 0.314732 0.605109 0.320516 0.610009 0.324381 0.617342
2 0.286148 0.298760 0.285093 0.305370 0.282090 0.310974 0.277596 0.314718 0.272295 0.316033 0.266994 0.314718 0.262500 0.310974 0.259497 0.305370 0.258443 0.298760 0.259497 0.292150 0.262500 0.286547 0.266994 0.282802 0.272295 0.281488 0.277596 0.282802 0.282090 0.286547 0.285093 0.292150
2 0.287459 0.332025 0.286405 0.337623 0.283402 0.342368 0.278908 0.345539 0.273607 0.346653 0.268305 0.345539 0.263811 0.342368 0.260809 0.337623 0.259754 0.332025 0.260809 0.326427 0.263811 0.321681 0.268305 0.318510 0.273607 0.317397 0.278908 0.318510 0.283402 0.321681 0.286405 0.326427
2 0.294057 0.406488 0.292501 0.412592 0.288067 0.417766 0.281433 0.421224 0.273607 0.422438 0.265780 0.421224 0.259146 0.417766 0.254712 0.412592 0.253156 0.406488 0.254712 0.400384 0.259146 0.395209 0.265780 0.391751 0.273607 0.390537 0.281433 0.391751 0.288067 0.395209 0.292501 0.400384
2 0.239959 0.423802 0.238552 0.429400 0.234545 0.434145 0.228549 0.437316 0.221475 0.438430 0.214402 0.437316 0.208406 0.434145 0.204399 0.429400 0.202992 0.423802 0.204399 0.418204 0.208406 0.413458 0.214402 0.410287 0.221475 0.409174 0.228549 0.410287 0.234545 0.413458 0.238552 0.418204
2 0.032828 0.117851 0.031471 0.124477 0.027606 0.130094 0.021822 0.133847 0.015000 0.135165 0.008178 0.133847 0.002394 0.130094 0.000000 0.124477 0.000000 0.117851 0.000000 0.111225 0.002394 0.105608 0.008178 0.101855 0.015000 0.100537 0.021822 0.101855 0.027606 0.105608 0.031471 0.111225
2 0.071066 0.133140 0.069409 0.140019 0.064692 0.145851 0.057631 0.149747 0.049303 0.151116 0.040975 0.149747 0.033915 0.145851 0.029198 0.140019 0.027541 0.133140 0.029198 0.126262 0.033915 0.120430 0.040975 0.116534 0.049303 0.115165 0.057631 0.116534 0.064692 0.120430 0.069409 0.126262
5 0.740869 0.791144 0.785099 0.780935 0.810058 0.764158 0.796418 0.743528 0.775770 0.758484 0.735852 0.766872
5 0.932439 0.585307 0.925800 0.699439 0.950348 0.700891 0.956987 0.586759
5 0.678633 0.029249 0.653674 0.057596 0.672063 0.074056 0.697023 0.045709
5 0.324981 0.610970 0.342126 0.584280 0.362413 0.570107 0.348407 0.549728 0.324978 0.567088 0.304691 0.596964
5 0.771814 0.301160 0.825775 0.315632 0.869464 0.307740 0.865127 0.283335 0.827038 0.291526 0.778678 0.277352
5 0.862823 0.491607 0.940855 0.469582 0.934227 0.445707 0.856194 0.467732
5 0.241493 0.424723 0.268971 0.390007 0.275201 0.366412 0.251438 0.360034 0.247688 0.378831 0.222688 0.408748