2 0.789303 0.207975 0.788052 0.213083 0.784490 0.217413 0.779158 0.220306 0.772869 0.221322 0.766580 0.220306 0.761248 0.217413 0.757685 0.213083 0.756434 0.207975 0.757685 0.202867 0.761248 0.198537 0.766580 0.195644 0.772869 0.194628 0.779158 0.195644 0.784490 0.198537 0.788052 0.202867
2 0.756434 0.206157 0.755321 0.211628 0.752149 0.216267 0.747402 0.219366 0.741803 0.220455 0.736204 0.219366 0.731457 0.216267 0.728286 0.211628 0.727172 0.206157 0.728286 0.200686 0.731457 0.196047 0.736204 0.192948 0.741803 0.191860 0.747402 0.192948 0.752149 0.196047 0.755321 0.200686
2 0.929098 0.200826 0.927941 0.206424 0.924645 0.211170 0.919712 0.214341 0.913893 0.215455 0.908075 0.214341 0.903142 0.211170 0.899846 0.206424 0.898689 0.200826 0.899846 0.195229 0.903142 0.190483 0.908075 0.187312 0.913893 0.186198 0.919712 0.187312 0.924645 0.190483 0.927941 0.195229
2 0.952623 0.179174 0.951413 0.185040 0.947965 0.190014 0.942807 0.193337 0.936721 0.194504 0.930636 0.193337 0.925477 0.190014 0.922030 0.185040 0.920820 0.179174 0.922030 0.173307 0.925477 0.168333 0.930636 0.165010 0.936721 0.163843 0.942807 0.165010 0.947965 0.168333 0.951413 0.173307
2 0.981680 0.159669 0.980364 0.166611 0.976615 0.172497 0.971004 0.176429 0.964385 0.177810 0.957767 0.176429 0.952156 0.172497 0.948407 0.166611 0.947090 0.159669 0.948407 0.152727 0.952156 0.146842 0.957767 0.142910 0.964385 0.141529 0.971004 0.142910 0.976615 0.146842 0.980364 0.152727
2 0.822582 0.825702 0.821478 0.830779 0.818333 0.835082 0.813626 0.837957 0.808074 0.838967 0.802522 0.837957 0.797815 0.835082 0.794670 0.830779 0.793566 0.825702 0.794670 0.820626 0.797815 0.816323 0.802522 0.813448 0.808074 0.812438 0.813626 0.813448 0.818333 0.816323 0.821478 0.820626
2 0.817049 0.798512 0.815733 0.805454 0.811984 0.811340 0.806373 0.815272 0.799754 0.816653 0.793136 0.815272 0.787525 0.811340 0.783776 0.805454 0.782459 0.798512 0.783776 0.791570 0.787525 0.785685 0.793136 0.781753 0.799754 0.780372 0.806373 0.781753 0.811984 0.785685 0.815733 0.791570
2 0.832254 0.768512 0.831150 0.775723 0.828005 0.781836 0.823298 0.785921 0.817746 0.787355 0.812194 0.785921 0.807487 0.781836 0.804342 0.775723 0.803238 0.768512 0.804342 0.761302 0.807487 0.755188 0.812194 0.751104 0.817746 0.749669 0.823298 0.751104 0.828005 0.755188 0.831150 0.761302
2 0.850246 0.747603 0.849298 0.752679 0.846597 0.756983 0.842555 0.759858 0.837787 0.760868 0.833019 0.759858 0.828977 0.756983 0.826276 0.752679 0.825328 0.747603 0.826276 0.742527 0.828977 0.738224 0.833019 0.735349 0.837787 0.734339 0.842555 0.735349 0.846597 0.738224 0.849298 0.742527
2 0.130902 0.946364 0.129847 0.951171 0.126844 0.955246 0.122350 0.957969 0.117049 0.958926 0.111748 0.957969 0.107254 0.955246 0.104251 0.951171 0.103197 0.946364 0.104251 0.941556 0.107254 0.937481 0.111748 0.934758 0.117049 0.933802 0.122350 0.934758 0.126844 0.937481 0.129847 0.941556
2 0.107336 0.935909 0.105704 0.940448 0.101058 0.944295 0.094104 0.946866 0.085902 0.947769 0.077699 0.946866 0.070745 0.944295 0.066099 0.940448 0.064467 0.935909 0.066099 0.931371 0.070745 0.927523 0.077699 0.924952 0.085902 0.924050 0.094104 0.924952 0.101058 0.927523 0.105704 0.931371
2 0.081066 0.917066 0.079802 0.924008 0.076204 0.929893 0.070819 0.933826 0.064467 0.935207 0.058115 0.933826 0.052730 0.929893 0.049132 0.924008 0.047869 0.917066 0.049132 0.910124 0.052730 0.904239 0.058115 0.900306 0.064467 0.898926 0.070819 0.900306 0.076204 0.904239 0.079802 0.910124
2 0.082418 0.949835 0.081314 0.955433 0.078169 0.960178 0.073462 0.963349 0.067910 0.964463 0.062358 0.963349 0.057651 0.960178 0.054506 0.955433 0.053402 0.949835 0.054506 0.944237 0.057651 0.939491 0.062358 0.936320 0.067910 0.935207 0.073462 0.936320 0.078169 0.939491 0.081314 0.944237