2 0.993770 0.310702 0.992466 0.316980 0.988753 0.322303 0.983195 0.325859 0.976639 0.327107 0.970084 0.325859 0.964526 0.322303 0.960812 0.316980 0.959508 0.310702 0.960812 0.304425 0.964526 0.299102 0.970084 0.295546 0.976639 0.294298 0.983195 0.295546 0.988753 0.299102 0.992466 0.304425
2 0.846475 0.397025 0.845499 0.401974 0.842718 0.406170 0.838557 0.408974 0.833648 0.409959 0.828739 0.408974 0.824577 0.406170 0.821796 0.401974 0.820820 0.397025 0.821796 0.392075 0.824577 0.387879 0.828739 0.385075 0.833648 0.384091 0.838557 0.385075 0.842718 0.387879 0.845499 0.392075
2 0.820820 0.398760 0.819450 0.405038 0.815550 0.410360 0.809713 0.413917 0.802828 0.415165 0.795943 0.413917 0.790106 0.410360 0.786206 0.405038 0.784836 0.398760 0.786206 0.392482 0.790106 0.387160 0.795943 0.383604 0.802828 0.382355 0.809713 0.383604 0.815550 0.387160 0.819450 0.392482
2 0.877336 0.986570 0.875967 0.993180 0.872066 0.998784 0.866229 1.000000 0.859344 1.000000 0.852459 1.000000 0.846622 0.998784 0.842722 0.993180 0.841352 0.986570 0.842722 0.979960 0.846622 0.974357 0.852459 0.970612 0.859344 0.969298 0.866229 0.970612 0.872066 0.974357 0.875967 0.979960
2 0.896148 0.957231 0.894975 0.963177 0.891634 0.968218 0.886635 0.971586 0.880738 0.972769 0.874841 0.971586 0.869841 0.968218 0.866501 0.963177 0.865328 0.957231 0.866501 0.951286 0.869841 0.946245 0.874841 0.942877 0.880738 0.941694 0.886635 0.942877 0.891634 0.946245 0.894975 0.951286
2 0.911557 0.936529 0.910646 0.941146 0.908052 0.945061 0.904170 0.947677 0.899590 0.948595 0.895011 0.947677 0.891128 0.945061 0.888534 0.941146 0.887623 0.936529 0.888534 0.931911 0.891128 0.927997 0.895011 0.925381 0.899590 0.924463 0.904170 0.925381 0.908052 0.927997 0.910646 0.931911
2 0.041762 0.824298 0.040589 0.830243 0.037249 0.835284 0.032250 0.838652 0.026352 0.839835 0.020455 0.838652 0.015456 0.835284 0.012116 0.830243 0.010943 0.824298 0.012116 0.818352 0.015456 0.813311 0.020455 0.809943 0.026352 0.808760 0.032250 0.809943 0.037249 0.813311 0.040589 0.818352
2 0.105123 0.171736 0.103819 0.177017 0.100105 0.181495 0.094548 0.184487 0.087992 0.185537 0.081436 0.184487 0.075878 0.181495 0.072165 0.177017 0.070861 0.171736 0.072165 0.166454 0.075878 0.161976 0.081436 0.158984 0.087992 0.157934 0.094548 0.158984 0.100105 0.161976 0.103819 0.166454
2 0.139385 0.167438 0.137950 0.173716 0.133863 0.179038 0.127747 0.182594 0.120533 0.183843 0.113318 0.182594 0.107202 0.179038 0.103115 0.173716 0.101680 0.167438 0.103115 0.161160 0.107202 0.155838 0.113318 0.152282 0.120533 0.151033 0.127747 0.152282 0.133863 0.155838 0.137950 0.161160
2 0.159918 0.138926 0.158548 0.146200 0.154648 0.152366 0.148811 0.156487 0.141926 0.157934 0.135041 0.156487 0.129204 0.152366 0.125304 0.146200 0.123934 0.138926 0.125304 0.131651 0.129204 0.125485 0.135041 0.121364 0.141926 0.119917 0.148811 0.121364 0.154648 0.125485 0.158548 0.131651
2 0.173648 0.165702 0.172212 0.172645 0.168126 0.178530 0.162010 0.182462 0.154795 0.183843 0.147581 0.182462 0.141464 0.178530 0.137378 0.172645 0.135943 0.165702 0.137378 0.158760 0.141464 0.152875 0.147581 0.148943 0.154795 0.147562 0.162010 0.148943 0.168126 0.152875 0.172212 0.158760
5 0.153281 0.185450 0.164675 0.203218 0.185325 0.189757 0.173932 0.171989
5 0.178428 0.168517 0.206379 0.160335 0.199523 0.136525 0.171572 0.144706
5 0.108410 0.170291 0.081483 0.180745 0.090320 0.203883 0.117246 0.193428