2 0.621721 0.078884 0.620405 0.084862 0.616656 0.089929 0.611045 0.093315 0.604426 0.094504 0.597808 0.093315 0.592197 0.089929 0.588448 0.084862 0.587131 0.078884 0.588448 0.072907 0.592197 0.067839 0.597808 0.064453 0.604426 0.063264 0.611045 0.064453 0.616656 0.067839 0.620405 0.072907
2 0.381230 0.540041 0.379773 0.546019 0.375624 0.551086 0.369414 0.554472 0.362090 0.555661 0.354766 0.554472 0.348557 0.551086 0.344408 0.546019 0.342951 0.540041 0.344408 0.534064 0.348557 0.528996 0.354766 0.525610 0.362090 0.524421 0.369414 0.525610 0.375624 0.528996 0.379773 0.534064
2 0.317459 0.612645 0.316071 0.618970 0.312117 0.624332 0.306201 0.627915 0.299221 0.629174 0.292242 0.627915 0.286325 0.624332 0.282372 0.618970 0.280984 0.612645 0.282372 0.606319 0.286325 0.600957 0.292242 0.597374 0.299221 0.596116 0.306201 0.597374 0.312117 0.600957 0.316071 0.606319
2 0.282787 0.326942 0.281539 0.334327 0.277985 0.340588 0.272667 0.344771 0.266393 0.346240 0.260120 0.344771 0.254802 0.340588 0.251248 0.334327 0.250000 0.326942 0.251248 0.319557 0.254802 0.313297 0.260120 0.309114 0.266393 0.307645 0.272667 0.309114 0.277985 0.313297 0.281539 0.319557
2 0.273689 0.397645 0.272650 0.401867 0.269691 0.405446 0.265264 0.407838 0.260041 0.408678 0.254818 0.407838 0.250391 0.405446 0.247432 0.401867 0.246393 0.397645 0.247432 0.393422 0.250391 0.389843 0.254818 0.387451 0.260041 0.386612 0.265264 0.387451 0.269691 0.389843 0.272650 0.393422
2 0.230000 0.416033 0.228612 0.422358 0.224658 0.427721 0.218742 0.431304 0.211762 0.432562 0.204783 0.431304 0.198866 0.427721 0.194913 0.422358 0.193525 0.416033 0.194913 0.409708 0.198866 0.404345 0.204783 0.400762 0.211762 0.399504 0.218742 0.400762 0.224658 0.404345 0.228612 0.409708
2 0.087869 0.111033 0.086481 0.116663 0.082527 0.121435 0.076610 0.124624 0.069631 0.125744 0.062652 0.124624 0.056735 0.121435 0.052782 0.116663 0.051393 0.111033 0.052782 0.105403 0.056735 0.100631 0.062652 0.097442 0.069631 0.096322 0.076610 0.097442 0.082527 0.100631 0.086481 0.105403
5 0.939378 0.582870 0.924673 0.666969 0.928279 0.711060 0.952786 0.709022 0.949024 0.668163 0.963573 0.587295
5 0.737704 0.781178 0.795040 0.775065 0.827827 0.764032 0.820042 0.740514 0.789919 0.750971 0.735247 0.756508
5 0.779745 0.742617 0.777901 0.694848 0.753329 0.695813 0.755173 0.743581
5 0.320627 0.606168 0.337435 0.574141 0.355672 0.564926 0.344656 0.542760 0.321381 0.556683 0.299537 0.593419
5 0.853806 0.487006 0.923028 0.472295 0.917956 0.448035 0.848735 0.462746
5 0.855310 0.269552 0.801992 0.268267 0.760106 0.255375 0.752926 0.279088 0.798010 0.292514 0.854526 0.294333
5 0.000000 0.097511 0.050521 0.118958 0.059397 0.095836 0.004438 0.074389
5 0.662167 0.003094 0.603847 0.061895 0.621235 0.079427 0.679555 0.020625
5 0.240105 0.408244 0.259708 0.377930 0.270651 0.346690 0.247464 0.338434 0.237887 0.366922 0.219649 0.394484
2 0.964344 0.560248 0.963165 0.566225 0.959807 0.571293 0.954781 0.574679 0.948852 0.575868 0.942924 0.574679 0.937898 0.571293 0.934540 0.566225 0.933361 0.560248 0.934540 0.554270 0.937898 0.549203 0.942924 0.545817 0.948852 0.544628 0.954781 0.545817 0.959807 0.549203 0.963165 0.554270
2 0.969795 0.576818 0.968893 0.581388 0.966326 0.585263 0.962483 0.587851 0.957951 0.588760 0.953418 0.587851 0.949576 0.585263 0.947008 0.581388 0.946107 0.576818 0.947008 0.572248 0.949576 0.568374 0.953418 0.565785 0.957951 0.564876 0.962483 0.565785 0.966326 0.568374 0.968893 0.572248
2 0.845861 0.742149 0.844822 0.747415 0.841863 0.751879 0.837436 0.754862 0.832213 0.755909 0.826990 0.754862 0.822563 0.751879 0.819604 0.747415 0.818566 0.742149 0.819604 0.736883 0.822563 0.732419 0.826990 0.729436 0.832213 0.728388 0.837436 0.729436 0.841863 0.732419 0.844822 0.736883
2 0.782090 0.682438 0.780774 0.688763 0.777025 0.694126 0.771414 0.697709 0.764795 0.698967 0.758177 0.697709 0.752566 0.694126 0.748817 0.688763 0.747500 0.682438 0.748817 0.676113 0.752566 0.670750 0.758177 0.667167 0.764795 0.665909 0.771414 0.667167 0.777025 0.670750 0.780774 0.676113
2 0.742008 0.770620 0.740692 0.776249 0.736943 0.781022 0.731332 0.784211 0.724713 0.785331 0.718095 0.784211 0.712484 0.781022 0.708735 0.776249 0.707418 0.770620 0.708735 0.764990 0.712484 0.760218 0.718095 0.757029 0.724713 0.755909 0.731332 0.757029 0.736943 0.760218 0.740692 0.764990
2 0.785738 0.760537 0.784421 0.767210 0.780672 0.772868 0.775061 0.776648 0.768443 0.777975 0.761824 0.776648 0.756213 0.772868 0.752464 0.767210 0.751148 0.760537 0.752464 0.753864 0.756213 0.748207 0.761824 0.744427 0.768443 0.743099 0.775061 0.744427 0.780672 0.748207 0.784421 0.753864
2 0.957049 0.457397 0.955592 0.463374 0.951443 0.468442 0.945234 0.471828 0.937910 0.473017 0.930586 0.471828 0.924376 0.468442 0.920227 0.463374 0.918770 0.457397 0.920227 0.451419 0.924376 0.446352 0.930586 0.442966 0.937910 0.441777 0.945234 0.442966 0.951443 0.446352 0.955592 0.451419
2 0.860492 0.485868 0.859104 0.492193 0.855150 0.497555 0.849233 0.501139 0.842254 0.502397 0.835275 0.501139 0.829358 0.497555 0.825405 0.492193 0.824016 0.485868 0.825405 0.479542 0.829358 0.474180 0.835275 0.470597 0.842254 0.469339 0.849233 0.470597 0.855150 0.474180 0.859104 0.479542
2 0.763893 0.265372 0.762368 0.271001 0.758024 0.275774 0.751522 0.278963 0.743852 0.280083 0.736183 0.278963 0.729681 0.275774 0.725337 0.271001 0.723811 0.265372 0.725337 0.259742 0.729681 0.254970 0.736183 0.251781 0.743852 0.250661 0.751522 0.251781 0.758024 0.254970 0.762368 0.259742
2 0.889590 0.281901 0.888274 0.288226 0.884525 0.293589 0.878914 0.297172 0.872295 0.298430 0.865677 0.297172 0.860066 0.293589 0.856317 0.288226 0.855000 0.281901 0.856317 0.275575 0.860066 0.270213 0.865677 0.266630 0.872295 0.265372 0.878914 0.266630 0.884525 0.270213 0.888274 0.275575