5 0.326644 0.621328 0.360373 0.569304 0.339791 0.555738 0.306061 0.607762
5 0.251686 0.443311 0.278426 0.414499 0.292320 0.372474 0.268992 0.364634 0.258068 0.401813 0.234298 0.425780
5 0.782292 0.328779 0.854248 0.340711 0.893920 0.332736 0.889112 0.308421 0.853979 0.316345 0.786561 0.304362
5 0.882650 0.489867 0.940191 0.463875 0.930137 0.441249 0.872596 0.467240
2 0.223648 0.063512 0.221632 0.071909 0.215893 0.079028 0.207304 0.083784 0.197172 0.085455 0.187040 0.083784 0.178451 0.079028 0.172712 0.071909 0.170697 0.063512 0.172712 0.055115 0.178451 0.047997 0.187040 0.043240 0.197172 0.041570 0.207304 0.043240 0.215893 0.047997 0.221632 0.055115
2 0.173279 0.070000 0.171491 0.077907 0.166400 0.084610 0.158782 0.089088 0.149795 0.090661 0.140808 0.089088 0.133190 0.084610 0.128099 0.077907 0.126311 0.070000 0.128099 0.062093 0.133190 0.055390 0.140808 0.050912 0.149795 0.049339 0.158782 0.050912 0.166400 0.055390 0.171491 0.062093
2 0.175820 0.033843 0.174325 0.041085 0.170070 0.047225 0.163701 0.051328 0.156189 0.052769 0.148676 0.051328 0.142307 0.047225 0.138052 0.041085 0.136557 0.033843 0.138052 0.026600 0.142307 0.020461 0.148676 0.016358 0.156189 0.014917 0.163701 0.016358 0.170070 0.020461 0.174325 0.026600
2 0.131434 0.048471 0.129778 0.056046 0.125060 0.062467 0.118000 0.066758 0.109672 0.068264 0.101344 0.066758 0.094284 0.062467 0.089566 0.056046 0.087910 0.048471 0.089566 0.040896 0.094284 0.034475 0.101344 0.030184 0.109672 0.028678 0.118000 0.030184 0.125060 0.034475 0.129778 0.040896
2 0.143361 0.110000 0.141997 0.116752 0.138115 0.122477 0.132305 0.126302 0.125451 0.127645 0.118597 0.126302 0.112787 0.122477 0.108904 0.116752 0.107541 0.110000 0.108904 0.103248 0.112787 0.097523 0.118597 0.093698 0.125451 0.092355 0.132305 0.093698 0.138115 0.097523 0.141997 0.103248
2 0.128893 0.080744 0.127171 0.087828 0.122267 0.093834 0.114928 0.097847 0.106270 0.099256 0.097613 0.097847 0.090274 0.093834 0.085370 0.087828 0.083648 0.080744 0.085370 0.073659 0.090274 0.067654 0.097613 0.063641 0.106270 0.062231 0.114928 0.063641 0.122267 0.067654 0.127171 0.073659
2 0.076803 0.099256 0.075440 0.105850 0.071558 0.111441 0.065747 0.115176 0.058893 0.116488 0.052040 0.115176 0.046229 0.111441 0.042347 0.105850 0.040984 0.099256 0.042347 0.092662 0.046229 0.087072 0.052040 0.083336 0.058893 0.082025 0.065747 0.083336 0.071558 0.087072 0.075440 0.092662
2 0.042705 0.077314 0.041145 0.084731 0.036703 0.091018 0.030055 0.095219 0.022213 0.096694 0.014371 0.095219 0.007723 0.091018 0.003281 0.084731 0.001721 0.077314 0.003281 0.069898 0.007723 0.063610 0.014371 0.059409 0.022213 0.057934 0.030055 0.059409 0.036703 0.063610 0.041145 0.069898
2 0.076844 0.048884 0.075447 0.055637 0.071467 0.061361 0.065510 0.065186 0.058484 0.066529 0.051457 0.065186 0.045501 0.061361 0.041521 0.055637 0.040123 0.048884 0.041521 0.042132 0.045501 0.036408 0.051457 0.032583 0.058484 0.031240 0.065510 0.032583 0.071467 0.036408 0.075447 0.042132
2 0.053770 0.036405 0.052179 0.044644 0.047649 0.051628 0.040868 0.056295 0.032869 0.057934 0.024870 0.056295 0.018089 0.051628 0.013558 0.044644 0.011967 0.036405 0.013558 0.028166 0.018089 0.021182 0.024870 0.016515 0.032869 0.014876 0.040868 0.016515 0.047649 0.021182 0.052179 0.028166
2 0.302131 0.347521 0.300768 0.356250 0.296885 0.363650 0.291075 0.368594 0.284221 0.370331 0.277368 0.368594 0.271557 0.363650 0.267675 0.356250 0.266311 0.347521 0.267675 0.338792 0.271557 0.331392 0.277368 0.326447 0.284221 0.324711 0.291075 0.326447 0.296885 0.331392 0.300768 0.338792
2 0.329467 0.341942 0.328038 0.349517 0.323969 0.355938 0.317880 0.360229 0.310697 0.361736 0.303514 0.360229 0.297424 0.355938 0.293355 0.349517 0.291926 0.341942 0.293355 0.334368 0.297424 0.327946 0.303514 0.323655 0.310697 0.322149 0.317880 0.323655 0.323969 0.327946 0.328038 0.334368
2 0.314098 0.305785 0.312604 0.314024 0.308349 0.321008 0.301980 0.325675 0.294467 0.327314 0.286955 0.325675 0.280586 0.321008 0.276330 0.314024 0.274836 0.305785 0.276330 0.297546 0.280586 0.290562 0.286955 0.285895 0.294467 0.284256 0.301980 0.285895 0.308349 0.290562 0.312604 0.297546
2 0.334590 0.276074 0.333096 0.283807 0.328840 0.290363 0.322472 0.294743 0.314959 0.296281 0.307447 0.294743 0.301078 0.290363 0.296822 0.283807 0.295328 0.276074 0.296822 0.268342 0.301078 0.261786 0.307447 0.257406 0.314959 0.255868 0.322472 0.257406 0.328840 0.261786 0.333096 0.268342
2 0.320082 0.428843 0.318166 0.436750 0.312712 0.443453 0.304548 0.447931 0.294918 0.449504 0.285288 0.447931 0.277124 0.443453 0.271670 0.436750 0.269754 0.428843 0.271670 0.420936 0.277124 0.414233 0.285288 0.409755 0.294918 0.408182 0.304548 0.409755 0.312712 0.414233 0.318166 0.420936
2 0.358484 0.440041 0.356730 0.448280 0.351737 0.455265 0.344265 0.459931 0.335451 0.461570 0.326637 0.459931 0.319164 0.455265 0.314171 0.448280 0.312418 0.440041 0.314171 0.431803 0.319164 0.424818 0.326637 0.420151 0.335451 0.418512 0.344265 0.420151 0.351737 0.424818 0.356730 0.431803
2 0.252664 0.443926 0.251007 0.451990 0.246290 0.458827 0.239230 0.463396 0.230902 0.465000 0.222574 0.463396 0.215513 0.458827 0.210796 0.451990 0.209139 0.443926 0.210796 0.435861 0.215513 0.429024 0.222574 0.424455 0.230902 0.422851 0.239230 0.424455 0.246290 0.429024 0.251007 0.435861
2 0.233893 0.477893 0.232334 0.486131 0.227892 0.493116 0.221244 0.497783 0.213402 0.499421 0.205560 0.497783 0.198912 0.493116 0.194470 0.486131 0.192910 0.477893 0.194470 0.469654 0.198912 0.462669 0.205560 0.458002 0.213402 0.456364 0.221244 0.458002 0.227892 0.462669 0.232334 0.469654
2 0.211680 0.505868 0.210217 0.511956 0.206051 0.517117 0.199815 0.520566 0.192459 0.521777 0.185103 0.520566 0.178867 0.517117 0.174701 0.511956 0.173238 0.505868 0.174701 0.499780 0.178867 0.494618 0.185103 0.491170 0.192459 0.489959 0.199815 0.491170 0.206051 0.494618 0.210217 0.499780
2 0.342910 0.653306 0.341391 0.660849 0.337064 0.667243 0.330589 0.671516 0.322951 0.673017 0.315313 0.671516 0.308838 0.667243 0.304511 0.660849 0.302992 0.653306 0.304511 0.645763 0.308838 0.639368 0.315313 0.635095 0.322951 0.633595 0.330589 0.635095 0.337064 0.639368 0.341391 0.645763
2 0.324877 0.622934 0.323061 0.630935 0.317891 0.637719 0.310153 0.642251 0.301025 0.643843 0.291897 0.642251 0.284158 0.637719 0.278988 0.630935 0.277172 0.622934 0.278988 0.614932 0.284158 0.608149 0.291897 0.603616 0.301025 0.602025 0.310153 0.603616 0.317891 0.608149 0.323061 0.614932
2 0.287336 0.643843 0.285489 0.651987 0.280230 0.658891 0.272359 0.663504 0.263074 0.665124 0.253789 0.663504 0.245918 0.658891 0.240658 0.651987 0.238811 0.643843 0.240658 0.635699 0.245918 0.628795 0.253789 0.624182 0.263074 0.622562 0.272359 0.624182 0.280230 0.628795 0.285489 0.635699
2 0.247418 0.651322 0.245871 0.658423 0.241464 0.664442 0.234869 0.668464 0.227090 0.669876 0.219311 0.668464 0.212716 0.664442 0.208310 0.658423 0.206762 0.651322 0.208310 0.644222 0.212716 0.638203 0.219311 0.634181 0.227090 0.632769 0.234869 0.634181 0.241464 0.638203 0.245871 0.644222
2 0.381230 0.539711 0.379623 0.548171 0.375048 0.555343 0.368200 0.560135 0.360123 0.561818 0.352046 0.560135 0.345198 0.555343 0.340623 0.548171 0.339016 0.539711 0.340623 0.531251 0.345198 0.524078 0.352046 0.519286 0.360123 0.517603 0.368200 0.519286 0.375048 0.524078 0.379623 0.531251
2 0.397664 0.507355 0.396057 0.515816 0.391482 0.522988 0.384635 0.527780 0.376557 0.529463 0.368480 0.527780 0.361633 0.522988 0.357057 0.515816 0.355451 0.507355 0.357057 0.498895 0.361633 0.491723 0.368480 0.486931 0.376557 0.485248 0.384635 0.486931 0.391482 0.491723 0.396057 0.498895
2 0.647623 0.190785 0.646144 0.198281 0.641933 0.204635 0.635631 0.208881 0.628197 0.210372 0.620763 0.208881 0.614460 0.204635 0.610249 0.198281 0.608770 0.190785 0.610249 0.183290 0.614460 0.176935 0.620763 0.172689 0.628197 0.171198 0.635631 0.172689 0.641933 0.176935 0.646144 0.183290
2 0.640574 0.156983 0.639026 0.165159 0.634620 0.172090 0.628025 0.176721 0.620246 0.178347 0.612467 0.176721 0.605872 0.172090 0.601465 0.165159 0.599918 0.156983 0.601465 0.148808 0.605872 0.141877 0.612467 0.137246 0.620246 0.135620 0.628025 0.137246 0.634620 0.141877 0.639026 0.148808
2 0.614057 0.125826 0.612345 0.134350 0.607467 0.141576 0.600168 0.146404 0.591557 0.148099 0.582947 0.146404 0.575647 0.141576 0.570770 0.134350 0.569057 0.125826 0.570770 0.117303 0.575647 0.110077 0.582947 0.105249 0.591557 0.103554 0.600168 0.105249 0.607467 0.110077 0.612345 0.117303
2 0.576107 0.117810 0.574494 0.124958 0.569901 0.131017 0.563027 0.135066 0.554918 0.136488 0.546810 0.135066 0.539935 0.131017 0.535342 0.124958 0.533730 0.117810 0.535342 0.110662 0.539935 0.104603 0.546810 0.100554 0.554918 0.099132 0.563027 0.100554 0.569901 0.104603 0.574494 0.110662
2 0.640574 0.136033 0.639229 0.142675 0.635400 0.148305 0.629670 0.152067 0.622910 0.153388 0.616150 0.152067 0.610420 0.148305 0.606590 0.142675 0.605246 0.136033 0.606590 0.129391 0.610420 0.123761 0.616150 0.119999 0.622910 0.118678 0.629670 0.119999 0.635400 0.123761 0.639229 0.129391
2 0.651148 0.111116 0.649401 0.117757 0.644425 0.123388 0.636980 0.127150 0.628197 0.128471 0.619414 0.127150 0.611968 0.123388 0.606993 0.117757 0.605246 0.111116 0.606993 0.104474 0.611968 0.098844 0.619414 0.095081 0.628197 0.093760 0.636980 0.095081 0.644425 0.098844 0.649401 0.104474
2 0.644098 0.075950 0.642451 0.084474 0.637760 0.091700 0.630740 0.096528 0.622459 0.098223 0.614178 0.096528 0.607158 0.091700 0.602467 0.084474 0.600820 0.075950 0.602467 0.067427 0.607158 0.060201 0.614178 0.055373 0.622459 0.053678 0.630740 0.055373 0.637760 0.060201 0.642451 0.067427
2 0.620246 0.052355 0.619070 0.058665 0.615720 0.064014 0.610708 0.067588 0.604795 0.068843 0.598882 0.067588 0.593870 0.064014 0.590520 0.058665 0.589344 0.052355 0.590520 0.046046 0.593870 0.040697 0.598882 0.037123 0.604795 0.035868 0.610708 0.037123 0.615720 0.040697 0.619070 0.046046
2 0.707664 0.114669 0.706522 0.119951 0.703271 0.124429 0.698404 0.127420 0.692664 0.128471 0.686924 0.127420 0.682057 0.124429 0.678806 0.119951 0.677664 0.114669 0.678806 0.109388 0.682057 0.104910 0.686924 0.101918 0.692664 0.100868 0.698404 0.101918 0.703271 0.104910 0.706522 0.109388
2 0.692664 0.101322 0.691588 0.106256 0.688523 0.110439 0.683935 0.113233 0.678525 0.114215 0.673114 0.113233 0.668527 0.110439 0.665462 0.106256 0.664385 0.101322 0.665462 0.096389 0.668527 0.092206 0.673114 0.089411 0.678525 0.088430 0.683935 0.089411 0.688523 0.092206 0.691588 0.096389
2 0.681189 0.085744 0.679710 0.093919 0.675499 0.100850 0.669196 0.105481 0.661762 0.107107 0.654328 0.105481 0.648026 0.100850 0.643815 0.093919 0.642336 0.085744 0.643815 0.077568 0.648026 0.070637 0.654328 0.066006 0.661762 0.064380 0.669196 0.066006 0.675499 0.070637 0.679710 0.077568
2 0.716516 0.048802 0.715306 0.056471 0.711859 0.062973 0.706700 0.067317 0.700615 0.068843 0.694529 0.067317 0.689371 0.062973 0.685924 0.056471 0.684713 0.048802 0.685924 0.041132 0.689371 0.034630 0.694529 0.030286 0.700615 0.028760 0.706700 0.030286 0.711859 0.034630 0.715306 0.041132
2 0.756270 0.026074 0.754757 0.033918 0.750449 0.040567 0.744000 0.045010 0.736393 0.046570 0.728787 0.045010 0.722338 0.040567 0.718029 0.033918 0.716516 0.026074 0.718029 0.018231 0.722338 0.011582 0.728787 0.007139 0.736393 0.005579 0.744000 0.007139 0.750449 0.011582 0.754757 0.018231
2 0.793320 0.014504 0.791741 0.022000 0.787246 0.028354 0.780518 0.032600 0.772582 0.034091 0.764646 0.032600 0.757918 0.028354 0.753423 0.022000 0.751844 0.014504 0.753423 0.007009 0.757918 0.000654 0.764646 0.000000 0.772582 0.000000 0.780518 0.000000 0.787246 0.000654 0.791741 0.007009
2 0.819836 0.018512 0.818323 0.025834 0.814014 0.032041 0.807566 0.036188 0.799959 0.037645 0.792352 0.036188 0.785904 0.032041 0.781595 0.025834 0.780082 0.018512 0.781595 0.011191 0.785904 0.004984 0.792352 0.000837 0.799959 0.000000 0.807566 0.000837 0.814014 0.004984 0.818323 0.011191
2 0.790369 0.316198 0.788768 0.323362 0.784211 0.329435 0.777390 0.333492 0.769344 0.334917 0.761298 0.333492 0.754478 0.329435 0.749920 0.323362 0.748320 0.316198 0.749920 0.309035 0.754478 0.302962 0.761298 0.298904 0.769344 0.297479 0.777390 0.298904 0.784211 0.302962 0.788768 0.309035
2 0.771762 0.314298 0.770399 0.321698 0.766517 0.327972 0.760706 0.332164 0.753852 0.333636 0.746999 0.332164 0.741188 0.327972 0.737306 0.321698 0.735943 0.314298 0.737306 0.306897 0.741188 0.300623 0.746999 0.296431 0.753852 0.294959 0.760706 0.296431 0.766517 0.300623 0.770399 0.306897
2 0.755697 0.283760 0.754380 0.291398 0.750631 0.297873 0.745020 0.302200 0.738402 0.303719 0.731783 0.302200 0.726172 0.297873 0.722423 0.291398 0.721107 0.283760 0.722423 0.276122 0.726172 0.269647 0.731783 0.265321 0.738402 0.263802 0.745020 0.265321 0.750631 0.269647 0.754380 0.276122
2 0.738402 0.256983 0.737085 0.262945 0.733336 0.267999 0.727725 0.271376 0.721107 0.272562 0.714488 0.271376 0.708877 0.267999 0.705128 0.262945 0.703811 0.256983 0.705128 0.251022 0.708877 0.245968 0.714488 0.242591 0.721107 0.241405 0.727725 0.242591 0.733336 0.245968 0.737085 0.251022
2 0.865779 0.344215 0.864556 0.350651 0.861073 0.356107 0.855861 0.359753 0.849713 0.361033 0.843565 0.359753 0.838353 0.356107 0.834870 0.350651 0.833648 0.344215 0.834870 0.337779 0.838353 0.332323 0.843565 0.328677 0.849713 0.327397 0.855861 0.328677 0.861073 0.332323 0.864556 0.337779
2 0.957254 0.344215 0.955373 0.352090 0.950016 0.358766 0.941998 0.363227 0.932541 0.364793 0.923084 0.363227 0.915066 0.358766 0.909709 0.352090 0.907828 0.344215 0.909709 0.336340 0.915066 0.329664 0.923084 0.325203 0.932541 0.323636 0.941998 0.325203 0.950016 0.329664 0.955373 0.336340
2 0.923852 0.316818 0.922583 0.323729 0.918967 0.329587 0.913555 0.333501 0.907172 0.334876 0.900789 0.333501 0.895377 0.329587 0.891762 0.323729 0.890492 0.316818 0.891762 0.309908 0.895377 0.304049 0.900789 0.300135 0.907172 0.298760 0.913555 0.300135 0.918967 0.304049 0.922583 0.309908
2 0.947418 0.282521 0.946052 0.291582 0.942160 0.299263 0.936337 0.304396 0.929467 0.306198 0.922598 0.304396 0.916774 0.299263 0.912883 0.291582 0.911516 0.282521 0.912883 0.273460 0.916774 0.265778 0.922598 0.260645 0.929467 0.258843 0.936337 0.260645 0.942160 0.265778 0.946052 0.273460
2 0.968402 0.246364 0.966895 0.254001 0.962604 0.260477 0.956182 0.264803 0.948607 0.266322 0.941031 0.264803 0.934609 0.260477 0.930318 0.254001 0.928811 0.246364 0.930318 0.238726 0.934609 0.232251 0.941031 0.227924 0.948607 0.226405 0.956182 0.227924 0.962604 0.232251 0.966895 0.238726
2 0.983238 0.456446 0.981166 0.463847 0.975267 0.470121 0.966439 0.474313 0.956025 0.475785 0.945611 0.474313 0.936782 0.470121 0.930883 0.463847 0.928811 0.456446 0.930883 0.449046 0.936782 0.442772 0.945611 0.438580 0.956025 0.437107 0.966439 0.438580 0.975267 0.442772 0.981166 0.449046
2 0.975820 0.431488 0.974172 0.438888 0.969482 0.445162 0.962461 0.449354 0.954180 0.450826 0.945899 0.449354 0.938879 0.445162 0.934188 0.438888 0.932541 0.431488 0.934188 0.424087 0.938879 0.417813 0.945899 0.413621 0.954180 0.412149 0.962461 0.413621 0.969482 0.417813 0.974172 0.424087
2 1.000000 0.468884 1.000000 0.475795 1.000000 0.481653 0.996424 0.485568 0.990041 0.486942 0.983658 0.485568 0.978246 0.481653 0.974630 0.475795 0.973361 0.468884 0.974630 0.461974 0.978246 0.456115 0.983658 0.452201 0.990041 0.450826 0.996424 0.452201 1.000000 0.456115 1.000000 0.461974
2 0.881844 0.492603 0.880197 0.500953 0.875506 0.508031 0.868486 0.512761 0.860205 0.514421 0.851924 0.512761 0.844904 0.508031 0.840213 0.500953 0.838566 0.492603 0.840213 0.484254 0.844904 0.477176 0.851924 0.472446 0.860205 0.470785 0.868486 0.472446 0.875506 0.477176 0.880197 0.484254
2 0.865738 0.541818 0.864421 0.551354 0.860672 0.559437 0.855061 0.564839 0.848443 0.566736 0.841824 0.564839 0.836213 0.559437 0.832464 0.551354 0.831148 0.541818 0.832464 0.532283 0.836213 0.524199 0.841824 0.518798 0.848443 0.516901 0.855061 0.518798 0.860672 0.524199 0.864421 0.532283
2 0.864549 0.572355 0.862996 0.581654 0.858571 0.589536 0.851950 0.594803 0.844139 0.596653 0.836329 0.594803 0.829707 0.589536 0.825283 0.581654 0.823730 0.572355 0.825283 0.563057 0.829707 0.555174 0.836329 0.549907 0.844139 0.548058 0.851950 0.549907 0.858571 0.555174 0.862996 0.563057
2 0.765779 0.726446 0.764091 0.734005 0.759285 0.740413 0.752091 0.744695 0.743607 0.746198 0.735122 0.744695 0.727928 0.740413 0.723122 0.734005 0.721434 0.726446 0.723122 0.718887 0.727928 0.712479 0.735122 0.708198 0.743607 0.706694 0.752091 0.708198 0.759285 0.712479 0.764091 0.718887
2 0.734508 0.696818 0.733117 0.705136 0.729154 0.712188 0.723224 0.716899 0.716230 0.718554 0.709235 0.716899 0.703305 0.712188 0.699342 0.705136 0.697951 0.696818 0.699342 0.688500 0.703305 0.681449 0.709235 0.676737 0.716230 0.675083 0.723224 0.676737 0.729154 0.681449 0.733117 0.688500
2 0.734508 0.663926 0.733067 0.671737 0.728962 0.678360 0.722820 0.682785 0.715574 0.684339 0.708328 0.682785 0.702185 0.678360 0.698081 0.671737 0.696639 0.663926 0.698081 0.656114 0.702185 0.649491 0.708328 0.645066 0.715574 0.643512 0.722820 0.645066 0.728962 0.649491 0.733067 0.656114
2 0.776270 0.674463 0.774333 0.681769 0.768816 0.687962 0.760559 0.692101 0.750820 0.693554 0.741080 0.692101 0.732823 0.687962 0.727306 0.681769 0.725369 0.674463 0.727306 0.667157 0.732823 0.660963 0.741080 0.656825 0.750820 0.655372 0.760559 0.656825 0.768816 0.660963 0.774333 0.667157
2 0.799754 0.700124 0.798313 0.708695 0.794208 0.715961 0.788066 0.720816 0.780820 0.722521 0.773574 0.720816 0.767431 0.715961 0.763327 0.708695 0.761885 0.700124 0.763327 0.691553 0.767431 0.684287 0.773574 0.679432 0.780820 0.677727 0.788066 0.679432 0.794208 0.684287 0.798313 0.691553
2 0.810205 0.670496 0.809113 0.676284 0.806004 0.681190 0.801350 0.684469 0.795861 0.685620 0.790371 0.684469 0.785718 0.681190 0.782608 0.676284 0.781516 0.670496 0.782608 0.664708 0.785718 0.659802 0.790371 0.656523 0.795861 0.655372 0.801350 0.656523 0.806004 0.659802 0.809113 0.664708
2 0.755369 0.793554 0.753928 0.801619 0.749823 0.808456 0.743680 0.813024 0.736434 0.814628 0.729189 0.813024 0.723046 0.808456 0.718941 0.801619 0.717500 0.793554 0.718941 0.785489 0.723046 0.778652 0.729189 0.774084 0.736434 0.772479 0.743680 0.774084 0.749823 0.778652 0.753928 0.785489
2 0.778893 0.794215 0.777552 0.801521 0.773732 0.807714 0.768015 0.811853 0.761270 0.813306 0.754526 0.811853 0.748809 0.807714 0.744989 0.801521 0.743648 0.794215 0.744989 0.786909 0.748809 0.780716 0.754526 0.776577 0.761270 0.775124 0.768015 0.776577 0.773732 0.780716 0.777552 0.786909
2 0.797131 0.769876 0.795790 0.775917 0.791970 0.781038 0.786252 0.784460 0.779508 0.785661 0.772764 0.784460 0.767047 0.781038 0.763227 0.775917 0.761885 0.769876 0.763227 0.763835 0.767047 0.758714 0.772764 0.755292 0.779508 0.754091 0.786252 0.755292 0.791970 0.758714 0.795790 0.763835
2 0.823279 0.854132 0.821787 0.861185 0.817541 0.867164 0.811185 0.871159 0.803689 0.872562 0.796192 0.871159 0.789836 0.867164 0.785590 0.861185 0.784098 0.854132 0.785590 0.847079 0.789836 0.841100 0.796192 0.837105 0.803689 0.835702 0.811185 0.837105 0.817541 0.841100 0.821787 0.847079
2 0.785410 0.839628 0.784018 0.847693 0.780056 0.854530 0.774126 0.859098 0.767131 0.860702 0.760136 0.859098 0.754206 0.854530 0.750244 0.847693 0.748852 0.839628 0.750244 0.831563 0.754206 0.824726 0.760136 0.820158 0.767131 0.818554 0.774126 0.820158 0.780056 0.824726 0.784018 0.831563
2 0.794508 0.804752 0.793466 0.811046 0.790499 0.816381 0.786058 0.819946 0.780820 0.821198 0.775581 0.819946 0.771140 0.816381 0.768173 0.811046 0.767131 0.804752 0.768173 0.798458 0.771140 0.793123 0.775581 0.789558 0.780820 0.788306 0.786058 0.789558 0.790499 0.793123 0.793466 0.798458
2 0.828484 0.789628 0.827092 0.796175 0.823130 0.801725 0.817200 0.805433 0.810205 0.806736 0.803210 0.805433 0.797280 0.801725 0.793318 0.796175 0.791926 0.789628 0.793318 0.783081 0.797280 0.777531 0.803210 0.773823 0.810205 0.772521 0.817200 0.773823 0.823130 0.777531 0.827092 0.783081
2 0.849344 0.790289 0.848003 0.797089 0.844183 0.802854 0.838465 0.806705 0.831721 0.808058 0.824977 0.806705 0.819260 0.802854 0.815440 0.797089 0.814098 0.790289 0.815440 0.783490 0.819260 0.777725 0.824977 0.773873 0.831721 0.772521 0.838465 0.773873 0.844183 0.777725 0.848003 0.783490
2 0.974672 0.679050 0.973131 0.686102 0.968742 0.692081 0.962174 0.696076 0.954426 0.697479 0.946678 0.696076 0.940110 0.692081 0.935721 0.686102 0.934180 0.679050 0.935721 0.671997 0.940110 0.666018 0.946678 0.662023 0.954426 0.660620 0.962174 0.662023 0.968742 0.666018 0.973131 0.671997
2 0.940738 0.665909 0.939792 0.671444 0.937101 0.676136 0.933072 0.679271 0.928320 0.680372 0.923567 0.679271 0.919539 0.676136 0.916847 0.671444 0.915902 0.665909 0.916847 0.660374 0.919539 0.655682 0.923567 0.652547 0.928320 0.651446 0.933072 0.652547 0.937101 0.655682 0.939792 0.660374
2 1.000000 0.745537 0.999487 0.753349 0.995809 0.759972 0.990305 0.764397 0.983811 0.765950 0.977318 0.764397 0.971814 0.759972 0.968136 0.753349 0.966844 0.745537 0.968136 0.737725 0.971814 0.731103 0.977318 0.726678 0.983811 0.725124 0.990305 0.726678 0.995809 0.731103 0.999487 0.737725
2 1.000000 0.783678 1.000000 0.792992 1.000000 0.800888 0.997323 0.806164 0.990328 0.808017 0.983333 0.806164 0.977403 0.800888 0.973441 0.792992 0.972049 0.783678 0.973441 0.774364 0.977403 0.766468 0.983333 0.761192 0.990328 0.759339 0.997323 0.761192 1.000000 0.766468 1.000000 0.774364
5 0.792323 0.755394 0.796585 0.726757 0.772267 0.723078 0.768005 0.751714
5 0.992541 0.722066 0.990558 0.691627 1.000000 0.662991 0.988377 0.649488 0.967951 0.684876 0.967951 0.722066