5 0.042687 0.000757 0.055925 0.218939 0.080469 0.217425 0.067231 0.000000
5 0.910312 0.065261 0.853304 0.000000 0.833991 0.007673 0.890999 0.080607
5 0.471049 0.629882 0.608121 0.716295 0.704146 0.753195 0.712903 0.730028 0.619033 0.694209 0.484115 0.608879
5 0.675646 0.404918 0.725974 0.358802 0.709436 0.340454 0.659108 0.386570
5 0.995763 0.595263 0.882781 0.638301 0.627614 0.895875 0.559827 0.992859 0.579927 1.000000 0.646359 0.911782 0.895712 0.658704 1.000000 0.618538
5 0.632213 0.896074 0.632213 0.965248 0.656803 0.965248 0.656803 0.896074
5 0.905667 0.634695 0.843492 0.557200 0.818328 0.492655 0.795442 0.501725 0.822447 0.569478 0.886464 0.650181
2 0.841270 0.733719 0.840160 0.738004 0.836997 0.741637 0.832264 0.744065 0.826680 0.744917 0.821097 0.744065 0.816364 0.741637 0.813201 0.738004 0.812090 0.733719 0.813201 0.729434 0.816364 0.725801 0.821097 0.723373 0.826680 0.722521 0.832264 0.723373 0.836997 0.725801 0.840160 0.729434
2 0.788443 0.783471 0.787385 0.789638 0.784373 0.794867 0.779866 0.798360 0.774549 0.799587 0.769232 0.798360 0.764725 0.794867 0.761713 0.789638 0.760656 0.783471 0.761713 0.777304 0.764725 0.772076 0.769232 0.768582 0.774549 0.767355 0.779866 0.768582 0.784373 0.772076 0.787385 0.777304
2 0.777336 0.815000 0.776438 0.822511 0.773879 0.828879 0.770050 0.833134 0.765533 0.834628 0.761016 0.833134 0.757187 0.828879 0.754628 0.822511 0.753730 0.815000 0.754628 0.807489 0.757187 0.801121 0.761016 0.796866 0.765533 0.795372 0.770050 0.796866 0.773879 0.801121 0.776438 0.807489
2 0.909385 0.611818 0.908699 0.618792 0.906744 0.624704 0.903819 0.628654 0.900369 0.630041 0.896918 0.628654 0.893993 0.624704 0.892039 0.618792 0.891352 0.611818 0.892039 0.604844 0.893993 0.598932 0.896918 0.594982 0.900369 0.593595 0.903819 0.594982 0.906744 0.598932 0.908699 0.604844
2 0.919098 0.582397 0.918147 0.587757 0.915437 0.592302 0.911382 0.595339 0.906598 0.596405 0.901815 0.595339 0.897760 0.592302 0.895050 0.587757 0.894098 0.582397 0.895050 0.577036 0.897760 0.572491 0.901815 0.569455 0.906598 0.568388 0.911382 0.569455 0.915437 0.572491 0.918147 0.577036
2 0.880205 0.570455 0.879466 0.576622 0.877360 0.581850 0.874209 0.585344 0.870492 0.586570 0.866775 0.585344 0.863624 0.581850 0.861518 0.576622 0.860779 0.570455 0.861518 0.564287 0.863624 0.559059 0.866775 0.555566 0.870492 0.554339 0.874209 0.555566 0.877360 0.559059 0.879466 0.564287
0 0.193320 0.219835 0.192175 0.225638 0.188914 0.230558 0.184035 0.233846 0.178279 0.235000 0.172523 0.233846 0.167643 0.230558 0.164383 0.225638 0.163238 0.219835 0.164383 0.214031 0.167643 0.209111 0.172523 0.205824 0.178279 0.204669 0.184035 0.205824 0.188914 0.209111 0.192175 0.214031
0 0.217582 0.194008 0.216499 0.200523 0.213417 0.206047 0.208803 0.209737 0.203361 0.211033 0.197918 0.209737 0.193305 0.206047 0.190222 0.200523 0.189139 0.194008 0.190222 0.187493 0.193305 0.181970 0.197918 0.178279 0.203361 0.176983 0.208803 0.178279 0.213417 0.181970 0.216499 0.187493
0 0.207049 0.240826 0.206247 0.246519 0.203964 0.251345 0.200547 0.254570 0.196516 0.255702 0.192486 0.254570 0.189069 0.251345 0.186785 0.246519 0.185984 0.240826 0.186785 0.235134 0.189069 0.230308 0.192486 0.227083 0.196516 0.225950 0.200547 0.227083 0.203964 0.230308 0.206247 0.235134
0 0.217582 0.271653 0.216699 0.278579 0.214185 0.284451 0.210422 0.288374 0.205984 0.289752 0.201545 0.288374 0.197782 0.284451 0.195268 0.278579 0.194385 0.271653 0.195268 0.264727 0.197782 0.258855 0.201545 0.254931 0.205984 0.253554 0.210422 0.254931 0.214185 0.258855 0.216699 0.264727
0 0.135328 0.429050 0.134445 0.434347 0.131931 0.438838 0.128168 0.441839 0.123730 0.442893 0.119291 0.441839 0.115528 0.438838 0.113014 0.434347 0.112131 0.429050 0.113014 0.423752 0.115528 0.419261 0.119291 0.416260 0.123730 0.415207 0.128168 0.416260 0.131931 0.419261 0.134445 0.423752
0 0.146926 0.407273 0.145962 0.412365 0.143217 0.416681 0.139109 0.419566 0.134262 0.420579 0.129416 0.419566 0.125308 0.416681 0.122562 0.412365 0.121598 0.407273 0.122562 0.402181 0.125308 0.397864 0.129416 0.394980 0.134262 0.393967 0.139109 0.394980 0.143217 0.397864 0.145962 0.402181
0 0.157459 0.381198 0.156576 0.386891 0.154062 0.391717 0.150299 0.394942 0.145861 0.396074 0.141422 0.394942 0.137659 0.391717 0.135145 0.386891 0.134262 0.381198 0.135145 0.375506 0.137659 0.370679 0.141422 0.367455 0.145861 0.366322 0.150299 0.367455 0.154062 0.370679 0.156576 0.375506
0 0.171230 0.363636 0.170184 0.368728 0.167208 0.373045 0.162754 0.375929 0.157500 0.376942 0.152246 0.375929 0.147792 0.373045 0.144816 0.368728 0.143770 0.363636 0.144816 0.358544 0.147792 0.354228 0.152246 0.351343 0.157500 0.350331 0.162754 0.351343 0.167208 0.354228 0.170184 0.358544
0 0.162746 0.335455 0.161542 0.342381 0.158112 0.348253 0.152980 0.352176 0.146926 0.353554 0.140872 0.352176 0.135740 0.348253 0.132311 0.342381 0.131107 0.335455 0.132311 0.328528 0.135740 0.322656 0.140872 0.318733 0.146926 0.317355 0.152980 0.318733 0.158112 0.322656 0.161542 0.328528
0 0.213361 0.388099 0.212197 0.393191 0.208883 0.397508 0.203924 0.400392 0.198074 0.401405 0.192224 0.400392 0.187264 0.397508 0.183951 0.393191 0.182787 0.388099 0.183951 0.383007 0.187264 0.378691 0.192224 0.375806 0.198074 0.374793 0.203924 0.375806 0.208883 0.378691 0.212197 0.383007
0 0.204959 0.325909 0.203633 0.330795 0.199857 0.334938 0.194207 0.337706 0.187541 0.338678 0.180875 0.337706 0.175225 0.334938 0.171449 0.330795 0.170123 0.325909 0.171449 0.321023 0.175225 0.316880 0.180875 0.314112 0.187541 0.313140 0.194207 0.314112 0.199857 0.316880 0.203633 0.321023
0 0.226066 0.348760 0.225020 0.354248 0.222044 0.358899 0.217590 0.362008 0.212336 0.363099 0.207082 0.362008 0.202628 0.358899 0.199652 0.354248 0.198607 0.348760 0.199652 0.343273 0.202628 0.338621 0.207082 0.335513 0.212336 0.334421 0.217590 0.335513 0.222044 0.338621 0.225020 0.343273
0 0.233443 0.326942 0.232279 0.331417 0.228965 0.335211 0.224006 0.337746 0.218156 0.338636 0.212306 0.337746 0.207346 0.335211 0.204032 0.331417 0.202869 0.326942 0.204032 0.322467 0.207346 0.318673 0.212306 0.316138 0.218156 0.315248 0.224006 0.316138 0.228965 0.318673 0.232279 0.322467
0 0.247131 0.372686 0.246167 0.379201 0.243422 0.384724 0.239313 0.388415 0.234467 0.389711 0.229621 0.388415 0.225512 0.384724 0.222767 0.379201 0.221803 0.372686 0.222767 0.366171 0.225512 0.360648 0.229621 0.356957 0.234467 0.355661 0.239313 0.356957 0.243422 0.360648 0.246167 0.366171
0 0.245451 0.562562 0.244412 0.568492 0.241454 0.573519 0.237026 0.576878 0.231803 0.578058 0.226581 0.576878 0.222153 0.573519 0.219195 0.568492 0.218156 0.562562 0.219195 0.556632 0.222153 0.551605 0.226581 0.548246 0.231803 0.547066 0.237026 0.548246 0.241454 0.551605 0.244412 0.556632
0 0.265984 0.540744 0.264857 0.546231 0.261650 0.550883 0.256850 0.553991 0.251189 0.555083 0.245527 0.553991 0.240727 0.550883 0.237520 0.546231 0.236393 0.540744 0.237520 0.535257 0.240727 0.530605 0.245527 0.527496 0.251189 0.526405 0.256850 0.527496 0.261650 0.530605 0.264857 0.535257
0 0.303607 0.533264 0.302175 0.538530 0.298097 0.542994 0.291994 0.545977 0.284795 0.547025 0.277596 0.545977 0.271493 0.542994 0.267416 0.538530 0.265984 0.533264 0.267416 0.527999 0.271493 0.523534 0.277596 0.520552 0.284795 0.519504 0.291994 0.520552 0.298097 0.523534 0.302175 0.527999
0 0.352582 0.541901 0.351150 0.546518 0.347072 0.550433 0.340969 0.553048 0.333770 0.553967 0.326572 0.553048 0.320469 0.550433 0.316391 0.546518 0.314959 0.541901 0.316391 0.537283 0.320469 0.533369 0.326572 0.530753 0.333770 0.529835 0.340969 0.530753 0.347072 0.533369 0.351150 0.537283
0 0.320656 0.556818 0.319745 0.561436 0.317151 0.565350 0.313268 0.567966 0.308689 0.568884 0.304109 0.567966 0.300226 0.565350 0.297632 0.561436 0.296721 0.556818 0.297632 0.552201 0.300226 0.548286 0.304109 0.545671 0.308689 0.544752 0.313268 0.545671 0.317151 0.548286 0.319745 0.552201
0 0.388975 0.540165 0.387503 0.544561 0.383310 0.548288 0.377034 0.550778 0.369631 0.551653 0.362228 0.550778 0.355953 0.548288 0.351759 0.544561 0.350287 0.540165 0.351759 0.535769 0.355953 0.532042 0.362228 0.529552 0.369631 0.528678 0.377034 0.529552 0.383310 0.532042 0.387503 0.535769
0 0.461926 0.478140 0.461015 0.484292 0.458421 0.489507 0.454539 0.492991 0.449959 0.494215 0.445379 0.492991 0.441497 0.489507 0.438903 0.484292 0.437992 0.478140 0.438903 0.471989 0.441497 0.466774 0.445379 0.463290 0.449959 0.462066 0.454539 0.463290 0.458421 0.466774 0.461015 0.471989
0 0.437992 0.462645 0.436822 0.467262 0.433490 0.471177 0.428504 0.473792 0.422623 0.474711 0.416742 0.473792 0.411756 0.471177 0.408424 0.467262 0.407254 0.462645 0.408424 0.458027 0.411756 0.454113 0.416742 0.451497 0.422623 0.450579 0.428504 0.451497 0.433490 0.454113 0.436822 0.458027
0 0.447090 0.438512 0.446092 0.444885 0.443249 0.450288 0.438994 0.453898 0.433975 0.455165 0.428957 0.453898 0.424702 0.450288 0.421859 0.444885 0.420861 0.438512 0.421859 0.432140 0.424702 0.426737 0.428957 0.423127 0.433975 0.421860 0.438994 0.423127 0.443249 0.426737 0.446092 0.432140
0 0.415205 0.447727 0.414207 0.452345 0.411364 0.456259 0.407109 0.458875 0.402090 0.459793 0.397071 0.458875 0.392817 0.456259 0.389974 0.452345 0.388975 0.447727 0.389974 0.443110 0.392817 0.439195 0.397071 0.436580 0.402090 0.435661 0.407109 0.436580 0.411364 0.439195 0.414207 0.443110
0 0.394713 0.429917 0.393758 0.434756 0.391040 0.438858 0.386971 0.441599 0.382172 0.442562 0.377373 0.441599 0.373304 0.438858 0.370586 0.434756 0.369631 0.429917 0.370586 0.425078 0.373304 0.420976 0.377373 0.418235 0.382172 0.417273 0.386971 0.418235 0.391040 0.420976 0.393758 0.425078
0 0.386721 0.341488 0.385723 0.348952 0.382880 0.355279 0.378625 0.359507 0.373607 0.360992 0.368588 0.359507 0.364333 0.355279 0.361490 0.348952 0.360492 0.341488 0.361490 0.334024 0.364333 0.327696 0.368588 0.323468 0.373607 0.321983 0.378625 0.323468 0.382880 0.327696 0.385723 0.334024
0 0.410615 0.371364 0.409532 0.376203 0.406449 0.380305 0.401836 0.383046 0.396393 0.384008 0.390951 0.383046 0.386337 0.380305 0.383255 0.376203 0.382172 0.371364 0.383255 0.366525 0.386337 0.362423 0.390951 0.359682 0.396393 0.358719 0.401836 0.359682 0.406449 0.362423 0.409532 0.366525
0 0.449344 0.369628 0.447872 0.375558 0.443678 0.380585 0.437403 0.383944 0.430000 0.385124 0.422597 0.383944 0.416322 0.380585 0.412128 0.375558 0.410656 0.369628 0.412128 0.363698 0.416322 0.358671 0.422597 0.355312 0.430000 0.354132 0.437403 0.355312 0.443678 0.358671 0.447872 0.363698
0 0.476680 0.375950 0.475554 0.380789 0.472347 0.384892 0.467547 0.387633 0.461885 0.388595 0.456223 0.387633 0.451424 0.384892 0.448216 0.380789 0.447090 0.375950 0.448216 0.371112 0.451424 0.367009 0.456223 0.364268 0.461885 0.363306 0.467547 0.364268 0.472347 0.367009 0.475554 0.371112
0 0.443648 0.398926 0.442565 0.404634 0.439482 0.409474 0.434868 0.412707 0.429426 0.413843 0.423984 0.412707 0.419370 0.409474 0.416287 0.404634 0.415205 0.398926 0.416287 0.393217 0.419370 0.388377 0.423984 0.385144 0.429426 0.384008 0.434868 0.385144 0.439482 0.388377 0.442565 0.393217
0 0.454467 0.243884 0.453622 0.247838 0.451214 0.251189 0.447611 0.253429 0.443361 0.254215 0.439110 0.253429 0.435507 0.251189 0.433100 0.247838 0.432254 0.243884 0.433100 0.239931 0.435507 0.236579 0.439110 0.234340 0.443361 0.233554 0.447611 0.234340 0.451214 0.236579 0.453622 0.239931
0 0.438197 0.229091 0.437124 0.233108 0.434067 0.236513 0.429494 0.238788 0.424098 0.239587 0.418703 0.238788 0.414129 0.236513 0.411073 0.233108 0.410000 0.229091 0.411073 0.225074 0.414129 0.221669 0.418703 0.219394 0.424098 0.218595 0.429494 0.219394 0.434067 0.221669 0.437124 0.225074
0 0.451557 0.204339 0.450540 0.210364 0.447644 0.215471 0.443310 0.218884 0.438197 0.220083 0.433084 0.218884 0.428749 0.215471 0.425853 0.210364 0.424836 0.204339 0.425853 0.198314 0.428749 0.193206 0.433084 0.189793 0.438197 0.188595 0.443310 0.189793 0.447644 0.193206 0.450540 0.198314
0 0.472377 0.176653 0.471245 0.182377 0.468020 0.187230 0.463193 0.190473 0.457500 0.191612 0.451807 0.190473 0.446980 0.187230 0.443755 0.182377 0.442623 0.176653 0.443755 0.170928 0.446980 0.166076 0.451807 0.162833 0.457500 0.161694 0.463193 0.162833 0.468020 0.166076 0.471245 0.170928
0 0.439672 0.182645 0.438427 0.187231 0.434883 0.191118 0.429577 0.193716 0.423320 0.194628 0.417062 0.193716 0.411757 0.191118 0.408212 0.187231 0.406967 0.182645 0.408212 0.178059 0.411757 0.174171 0.417062 0.171573 0.423320 0.170661 0.429577 0.171573 0.434883 0.174171 0.438427 0.178059
0 0.406967 0.183388 0.405838 0.187690 0.402622 0.191336 0.397809 0.193773 0.392131 0.194628 0.386454 0.193773 0.381640 0.191336 0.378424 0.187690 0.377295 0.183388 0.378424 0.179087 0.381640 0.175441 0.386454 0.173004 0.392131 0.172149 0.397809 0.173004 0.402622 0.175441 0.405838 0.179087
0 0.380287 0.189380 0.379154 0.194251 0.375929 0.198380 0.371103 0.201139 0.365410 0.202107 0.359717 0.201139 0.354890 0.198380 0.351665 0.194251 0.350533 0.189380 0.351665 0.184510 0.354890 0.180381 0.359717 0.177622 0.365410 0.176653 0.371103 0.177622 0.375929 0.180381 0.379154 0.184510
0 0.383238 0.219339 0.382333 0.224209 0.379757 0.228338 0.375901 0.231097 0.371352 0.232066 0.366804 0.231097 0.362948 0.228338 0.360372 0.224209 0.359467 0.219339 0.360372 0.214468 0.362948 0.210339 0.366804 0.207580 0.371352 0.206612 0.375901 0.207580 0.379757 0.210339 0.382333 0.214468
6 0.827664 1.000000 0.820943 0.954835 0.867090 0.869132 0.971557 0.827521 1.000000 0.832562 1.000000 1.000000
6 0.000000 0.657810 0.043811 0.668347 0.131230 0.656074 0.165246 0.717314 0.206516 0.778512 0.204098 0.847107 0.204098 0.915661 0.157951 0.940124 0.186516 1.000000 0.000000 1.000000
6 0.000000 0.551694 0.060779 0.526322 0.085082 0.457727 0.065656 0.413678 0.000000 0.380579
6 1.000000 0.313182 0.927828 0.310826 0.876803 0.301033 0.876803 0.352438 0.857377 0.438140 0.857377 0.518967 0.852541 0.580165 0.905984 0.646281 1.000000 0.643926
6 0.201639 0.124711 0.264795 0.090455 0.374098 0.095331 0.432377 0.134504 0.483361 0.159008 0.529508 0.256942 0.497951 0.330413 0.483361 0.396529 0.488238 0.492025 0.444508 0.540992 0.386230 0.582645 0.308525 0.609587 0.221066 0.602231 0.187090 0.533636 0.174959 0.430826 0.157951 0.352438 0.131230 0.271653 0.145779 0.188388
5 0.796637 0.176364 0.790162 0.151777 0.766395 0.158140 0.772871 0.182727