2 0.302705 0.406983 0.301251 0.412882 0.297111 0.417882 0.290915 0.421223 0.283607 0.422397 0.276298 0.421223 0.270102 0.417882 0.265962 0.412882 0.264508 0.406983 0.265962 0.401085 0.270102 0.396085 0.276298 0.392744 0.283607 0.391570 0.290915 0.392744 0.297111 0.396085 0.301251 0.401085
2 0.292541 0.337603 0.291474 0.344482 0.288436 0.350314 0.283888 0.354210 0.278525 0.355579 0.273161 0.354210 0.268614 0.350314 0.265575 0.344482 0.264508 0.337603 0.265575 0.330724 0.268614 0.324893 0.273161 0.320996 0.278525 0.319628 0.283888 0.320996 0.288436 0.324893 0.291474 0.330724
2 0.292541 0.296488 0.291231 0.304363 0.287499 0.311039 0.281915 0.315500 0.275328 0.317066 0.268741 0.315500 0.263156 0.311039 0.259425 0.304363 0.258115 0.296488 0.259425 0.288613 0.263156 0.281936 0.268741 0.277476 0.275328 0.275909 0.281915 0.277476 0.287499 0.281936 0.291231 0.288613
2 0.244098 0.428843 0.242741 0.436212 0.238877 0.442459 0.233093 0.446633 0.226270 0.448099 0.219448 0.446633 0.213664 0.442459 0.209800 0.436212 0.208443 0.428843 0.209800 0.421474 0.213664 0.415227 0.219448 0.411053 0.226270 0.409587 0.233093 0.411053 0.238877 0.415227 0.242741 0.421474
2 1.000000 0.474463 1.000000 0.479634 0.999432 0.484018 0.994672 0.486947 0.989057 0.487975 0.983443 0.486947 0.978683 0.484018 0.975502 0.479634 0.974385 0.474463 0.975502 0.469292 0.978683 0.464908 0.983443 0.461979 0.989057 0.460950 0.994672 0.461979 0.999432 0.464908 1.000000 0.469292
2 0.976926 0.460331 0.975472 0.465992 0.971332 0.470791 0.965136 0.473998 0.957828 0.475124 0.950519 0.473998 0.944323 0.470791 0.940183 0.465992 0.938730 0.460331 0.940183 0.454669 0.944323 0.449870 0.950519 0.446663 0.957828 0.445537 0.965136 0.446663 0.971332 0.449870 0.975472 0.454669
2 0.866066 0.530372 0.864805 0.539718 0.861216 0.547641 0.855844 0.552934 0.849508 0.554793 0.843172 0.552934 0.837800 0.547641 0.834211 0.539718 0.832951 0.530372 0.834211 0.521026 0.837800 0.513103 0.843172 0.507809 0.849508 0.505950 0.855844 0.507809 0.861216 0.513103 0.864805 0.521026
2 0.875000 0.486653 0.873643 0.493041 0.869778 0.498457 0.863995 0.502076 0.857172 0.503347 0.850350 0.502076 0.844566 0.498457 0.840701 0.493041 0.839344 0.486653 0.840701 0.480264 0.844566 0.474848 0.850350 0.471229 0.857172 0.469959 0.863995 0.471229 0.869778 0.474848 0.873643 0.480264
2 0.910656 0.298388 0.909832 0.304050 0.907487 0.308849 0.903977 0.312056 0.899836 0.313182 0.895696 0.312056 0.892185 0.308849 0.889840 0.304050 0.889016 0.298388 0.889840 0.292727 0.892185 0.287928 0.895696 0.284721 0.899836 0.283595 0.903977 0.284721 0.907487 0.287928 0.909832 0.292727
2 0.929795 0.275289 0.928582 0.281931 0.925126 0.287561 0.919953 0.291324 0.913852 0.292645 0.907751 0.291324 0.902579 0.287561 0.899123 0.281931 0.897910 0.275289 0.899123 0.268648 0.902579 0.263017 0.907751 0.259255 0.913852 0.257934 0.919953 0.259255 0.925126 0.263017 0.928582 0.268648
2 0.778156 0.302273 0.776942 0.308424 0.773486 0.313639 0.768314 0.317124 0.762213 0.318347 0.756112 0.317124 0.750940 0.313639 0.747484 0.308424 0.746270 0.302273 0.747484 0.296121 0.750940 0.290906 0.756112 0.287422 0.762213 0.286198 0.768314 0.287422 0.773486 0.290906 0.776942 0.296121
2 0.756475 0.281074 0.755312 0.286973 0.751998 0.291973 0.747039 0.295314 0.741189 0.296488 0.735338 0.295314 0.730379 0.291973 0.727065 0.286973 0.725902 0.281074 0.727065 0.275176 0.730379 0.270176 0.735338 0.266834 0.741189 0.265661 0.747039 0.266834 0.751998 0.270176 0.755312 0.275176
2 0.781967 0.014421 0.780707 0.020573 0.777118 0.025788 0.771746 0.029272 0.765410 0.030496 0.759074 0.029272 0.753702 0.025788 0.750113 0.020573 0.748852 0.014421 0.750113 0.008270 0.753702 0.003055 0.759074 0.000000 0.765410 0.000000 0.771746 0.000000 0.777118 0.003055 0.780707 0.008270
2 0.751393 0.020207 0.749937 0.027591 0.745788 0.033852 0.739578 0.038035 0.732254 0.039504 0.724930 0.038035 0.718721 0.033852 0.714572 0.027591 0.713115 0.020207 0.714572 0.012822 0.718721 0.006561 0.724930 0.002378 0.732254 0.000909 0.739578 0.002378 0.745788 0.006561 0.749937 0.012822
2 0.771762 0.664008 0.770112 0.671377 0.765412 0.677624 0.758379 0.681799 0.750082 0.683264 0.741785 0.681799 0.734752 0.677624 0.730052 0.671377 0.728402 0.664008 0.730052 0.656639 0.734752 0.650392 0.741785 0.646218 0.750082 0.644752 0.758379 0.646218 0.765412 0.650392 0.770112 0.656639
2 0.637910 0.070331 0.636553 0.077209 0.632688 0.083041 0.626904 0.086938 0.620082 0.088306 0.613260 0.086938 0.607476 0.083041 0.603611 0.077209 0.602254 0.070331 0.603611 0.063452 0.607476 0.057620 0.613260 0.053724 0.620082 0.052355 0.626904 0.053724 0.632688 0.057620 0.636553 0.063452
2 0.659631 0.083182 0.658078 0.090061 0.653653 0.095892 0.647032 0.099789 0.639221 0.101157 0.631411 0.099789 0.624789 0.095892 0.620365 0.090061 0.618811 0.083182 0.620365 0.076303 0.624789 0.070471 0.631411 0.066575 0.639221 0.065207 0.647032 0.066575 0.653653 0.070471 0.658078 0.076303
2 0.641762 0.106942 0.640502 0.113584 0.636913 0.119214 0.631541 0.122976 0.625205 0.124298 0.618869 0.122976 0.613497 0.119214 0.609908 0.113584 0.608648 0.106942 0.609908 0.100301 0.613497 0.094670 0.618869 0.090908 0.625205 0.089587 0.631541 0.090908 0.636913 0.094670 0.640502 0.100301
2 0.621352 0.103719 0.620189 0.109617 0.616875 0.114618 0.611916 0.117959 0.606066 0.119132 0.600216 0.117959 0.595256 0.114618 0.591942 0.109617 0.590779 0.103719 0.591942 0.097821 0.595256 0.092820 0.600216 0.089479 0.606066 0.088306 0.611916 0.089479 0.616875 0.092820 0.620189 0.097821
2 0.629016 0.132645 0.627853 0.139286 0.624539 0.144917 0.619580 0.148679 0.613730 0.150000 0.607879 0.148679 0.602920 0.144917 0.599606 0.139286 0.598443 0.132645 0.599606 0.126003 0.602920 0.120373 0.607879 0.116610 0.613730 0.115289 0.619580 0.116610 0.624539 0.120373 0.627853 0.126003
2 0.397049 0.516240 0.395886 0.522628 0.392572 0.528044 0.387612 0.531663 0.381762 0.532934 0.375912 0.531663 0.370953 0.528044 0.367639 0.522628 0.366475 0.516240 0.367639 0.509851 0.370953 0.504435 0.375912 0.500816 0.381762 0.499545 0.387612 0.500816 0.392572 0.504435 0.395886 0.509851
2 0.391967 0.547727 0.390657 0.554859 0.386926 0.560905 0.381341 0.564945 0.374754 0.566364 0.368167 0.564945 0.362583 0.560905 0.358851 0.554859 0.357541 0.547727 0.358851 0.540595 0.362583 0.534549 0.368167 0.530510 0.374754 0.529091 0.381341 0.530510 0.386926 0.534549 0.390657 0.540595
2 0.316762 0.649876 0.315549 0.656265 0.312093 0.661681 0.306921 0.665299 0.300820 0.666570 0.294719 0.665299 0.289547 0.661681 0.286091 0.656265 0.284877 0.649876 0.286091 0.643487 0.289547 0.638071 0.294719 0.634453 0.300820 0.633182 0.306921 0.634453 0.312093 0.638071 0.315549 0.643487
2 0.335861 0.617107 0.334407 0.625220 0.330267 0.632097 0.324071 0.636692 0.316762 0.638306 0.309454 0.636692 0.303258 0.632097 0.299118 0.625220 0.297664 0.617107 0.299118 0.608995 0.303258 0.602118 0.309454 0.597523 0.316762 0.595909 0.324071 0.597523 0.330267 0.602118 0.334407 0.608995
2 0.793402 0.688430 0.792141 0.695309 0.788552 0.701140 0.783180 0.705037 0.776844 0.706405 0.770508 0.705037 0.765136 0.701140 0.761547 0.695309 0.760287 0.688430 0.761547 0.681551 0.765136 0.675719 0.770508 0.671823 0.776844 0.670455 0.783180 0.671823 0.788552 0.675719 0.792141 0.681551
2 0.795984 0.763595 0.794673 0.771217 0.790942 0.777679 0.785358 0.781996 0.778770 0.783512 0.772183 0.781996 0.766599 0.777679 0.762868 0.771217 0.761557 0.763595 0.762868 0.755973 0.766599 0.749511 0.772183 0.745194 0.778770 0.743678 0.785358 0.745194 0.790942 0.749511 0.794673 0.755973
2 0.784508 0.820124 0.783391 0.828236 0.780211 0.835113 0.775451 0.839709 0.769836 0.841322 0.764221 0.839709 0.759461 0.835113 0.756281 0.828236 0.755164 0.820124 0.756281 0.812012 0.759461 0.805134 0.764221 0.800539 0.769836 0.798926 0.775451 0.800539 0.780211 0.805134 0.783391 0.812012
2 0.752623 0.780289 0.751363 0.787421 0.747773 0.793467 0.742402 0.797507 0.736066 0.798926 0.729729 0.797507 0.724358 0.793467 0.720769 0.787421 0.719508 0.780289 0.720769 0.773157 0.724358 0.767111 0.729729 0.763072 0.736066 0.761653 0.742402 0.763072 0.747773 0.767111 0.751363 0.773157
2 0.821434 0.777107 0.820077 0.782516 0.816213 0.787100 0.810429 0.790164 0.803607 0.791240 0.796784 0.790164 0.791000 0.787100 0.787136 0.782516 0.785779 0.777107 0.787136 0.771699 0.791000 0.767114 0.796784 0.764051 0.803607 0.762975 0.810429 0.764051 0.816213 0.767114 0.820077 0.771699
2 0.824016 0.719256 0.822853 0.725645 0.819539 0.731061 0.814580 0.734680 0.808730 0.735950 0.802879 0.734680 0.797920 0.731061 0.794606 0.725645 0.793443 0.719256 0.794606 0.712868 0.797920 0.707452 0.802879 0.703833 0.808730 0.702562 0.814580 0.703833 0.819539 0.707452 0.822853 0.712868
2 0.985082 0.728388 0.983616 0.736469 0.979440 0.743319 0.973191 0.747897 0.965820 0.749504 0.958448 0.747897 0.952199 0.743319 0.948024 0.736469 0.946557 0.728388 0.948024 0.720308 0.952199 0.713457 0.958448 0.708880 0.965820 0.707273 0.973191 0.708880 0.979440 0.713457 0.983616 0.720308
2 0.058074 0.131736 0.056389 0.137681 0.051592 0.142722 0.044412 0.146090 0.035943 0.147273 0.027473 0.146090 0.020294 0.142722 0.015496 0.137681 0.013811 0.131736 0.015496 0.125790 0.020294 0.120749 0.027473 0.117381 0.035943 0.116198 0.044412 0.117381 0.051592 0.120749 0.056389 0.125790
5 0.784503 0.804704 0.792905 0.706729 0.768406 0.704593 0.760005 0.802569
5 0.752981 0.785363 0.806103 0.773258 0.828115 0.751281 0.828115 0.732686 0.803525 0.732686 0.808774 0.741122 0.796568 0.750959 0.748002 0.761083
5 0.975408 0.707020 0.967595 0.674015 1.000000 0.596329 0.984126 0.585241 0.944469 0.670501 0.951150 0.711080
5 0.872274 0.487927 0.942684 0.471027 0.936989 0.446907 0.866579 0.463808
5 0.771729 0.312361 0.831248 0.322558 0.891576 0.312392 0.887523 0.287938 0.831427 0.298135 0.776140 0.287970
5 0.356407 0.548482 0.331258 0.567177 0.316176 0.590813 0.336856 0.604228 0.348593 0.584080 0.370396 0.568873
5 0.247137 0.423011 0.278053 0.394805 0.288094 0.359309 0.264447 0.352509 0.258478 0.381782 0.231634 0.403766
5 0.661428 0.078387 0.688454 0.054054 0.719888 0.044054 0.712489 0.020409 0.676809 0.032770 0.645539 0.059465
2 0.056189 0.109421 0.054722 0.115731 0.050547 0.121080 0.044298 0.124654 0.036926 0.125909 0.029555 0.124654 0.023306 0.121080 0.019130 0.115731 0.017664 0.109421 0.019130 0.103112 0.023306 0.097763 0.029555 0.094189 0.036926 0.092934 0.044298 0.094189 0.050547 0.097763 0.054722 0.103112
2 0.094672 0.134628 0.093059 0.140938 0.088466 0.146287 0.081592 0.149861 0.073484 0.151116 0.065375 0.149861 0.058501 0.146287 0.053908 0.140938 0.052295 0.134628 0.053908 0.128319 0.058501 0.122970 0.065375 0.119396 0.073484 0.118140 0.081592 0.119396 0.088466 0.122970 0.093059 0.128319
2 0.119221 0.142273 0.118154 0.147191 0.115116 0.151360 0.110569 0.154146 0.105205 0.155124 0.099841 0.154146 0.095294 0.151360 0.092255 0.147191 0.091189 0.142273 0.092255 0.137355 0.095294 0.133186 0.099841 0.130400 0.105205 0.129421 0.110569 0.130400 0.115116 0.133186 0.118154 0.137355