2 0.784713 0.751281 0.783465 0.758555 0.779912 0.764722 0.774593 0.768842 0.768320 0.770289 0.762046 0.768842 0.756728 0.764722 0.753174 0.758555 0.751926 0.751281 0.753174 0.744007 0.756728 0.737840 0.762046 0.733720 0.768320 0.732273 0.774593 0.733720 0.779912 0.737840 0.783465 0.744007
2 0.863443 0.480000 0.862132 0.486009 0.858401 0.491103 0.852817 0.494507 0.846230 0.495702 0.839642 0.494507 0.834058 0.491103 0.830327 0.486009 0.829016 0.480000 0.830327 0.473991 0.834058 0.468897 0.839642 0.465493 0.846230 0.464298 0.852817 0.465493 0.858401 0.468897 0.862132 0.473991
2 0.758443 0.255083 0.757320 0.260459 0.754121 0.265017 0.749335 0.268063 0.743689 0.269132 0.738042 0.268063 0.733256 0.265017 0.730058 0.260459 0.728934 0.255083 0.730058 0.249706 0.733256 0.245148 0.738042 0.242103 0.743689 0.241033 0.749335 0.242103 0.754121 0.245148 0.757320 0.249706
2 0.374590 0.541198 0.373405 0.547207 0.370029 0.552302 0.364976 0.555706 0.359016 0.556901 0.353057 0.555706 0.348004 0.552302 0.344628 0.547207 0.343443 0.541198 0.344628 0.535189 0.348004 0.530095 0.353057 0.526691 0.359016 0.525496 0.364976 0.526691 0.370029 0.530095 0.373405 0.535189
2 0.230205 0.406405 0.229019 0.412730 0.225643 0.418093 0.220591 0.421676 0.214631 0.422934 0.208671 0.421676 0.203619 0.418093 0.200243 0.412730 0.199057 0.406405 0.200243 0.400080 0.203619 0.394717 0.208671 0.391134 0.214631 0.389876 0.220591 0.391134 0.225643 0.394717 0.229019 0.400080
2 0.033361 0.046653 0.031988 0.052662 0.028079 0.057756 0.022229 0.061160 0.015328 0.062355 0.008427 0.061160 0.002577 0.057756 0.000000 0.052662 0.000000 0.046653 0.000000 0.040644 0.002577 0.035550 0.008427 0.032146 0.015328 0.030950 0.022229 0.032146 0.028079 0.035550 0.031988 0.040644
5 0.335943 0.546992 0.316507 0.571556 0.309949 0.612919 0.334231 0.616833 0.337745 0.581851 0.354139 0.563669
5 0.780592 0.729912 0.777314 0.675325 0.752768 0.676824 0.756047 0.731411
5 0.735753 0.772807 0.812843 0.771154 0.812321 0.746366 0.735230 0.748019
5 0.991586 0.544303 0.963821 0.570005 0.927755 0.649426 0.950113 0.659747 0.983045 0.584540 1.000000 0.563052
5 0.864363 0.484255 0.918502 0.464420 0.910104 0.441117 0.855965 0.460952
5 0.747796 0.265988 0.803575 0.285823 0.811753 0.262441 0.755975 0.242607
5 0.670296 0.000000 0.627633 0.049467 0.646466 0.065409 0.689130 0.014169
5 0.229055 0.405303 0.254514 0.378605 0.275826 0.332283 0.253519 0.321850 0.234674 0.364615 0.211683 0.387755
2 0.738770 0.759545 0.737523 0.765555 0.733969 0.770649 0.728651 0.774053 0.722377 0.775248 0.716104 0.774053 0.710785 0.770649 0.707231 0.765555 0.705984 0.759545 0.707231 0.753536 0.710785 0.748442 0.716104 0.745038 0.722377 0.743843 0.728651 0.745038 0.733969 0.748442 0.737523 0.753536