2 0.320738 0.659752 0.319231 0.667595 0.314940 0.674245 0.308518 0.678688 0.300943 0.680248 0.293367 0.678688 0.286945 0.674245 0.282654 0.667595 0.281148 0.659752 0.282654 0.651909 0.286945 0.645259 0.293367 0.640816 0.300943 0.639256 0.308518 0.640816 0.314940 0.645259 0.319231 0.651909
5 0.248151 0.430830 0.277690 0.391353 0.287526 0.361560 0.264195 0.353729 0.256316 0.379831 0.228734 0.415616
5 0.334852 0.613707 0.370303 0.567963 0.350927 0.552698 0.315476 0.598442
5 0.776862 0.320264 0.839818 0.328107 0.883179 0.320173 0.878788 0.295778 0.839245 0.303621 0.780105 0.295687
5 0.690015 0.070829 0.723540 0.041035 0.707280 0.022436 0.673755 0.052229
5 0.878511 0.494744 0.945519 0.474868 0.938579 0.451082 0.871571 0.470959
5 0.985888 0.718750 0.982217 0.683922 1.000000 0.635658 0.989422 0.623020 0.959358 0.678192 0.961325 0.719927
5 0.753453 0.793333 0.803520 0.787125 0.831102 0.755307 0.812587 0.738991 0.793679 0.766584 0.752285 0.768568
5 0.776198 0.715279 0.760461 0.808667 0.784703 0.812820 0.800441 0.719432
5 0.091316 0.128932 0.002669 0.109056 0.000000 0.133258 0.085979 0.153134
2 0.082910 0.120868 0.081356 0.127430 0.076932 0.132994 0.070311 0.136711 0.062500 0.138017 0.054689 0.136711 0.048068 0.132994 0.043644 0.127430 0.042090 0.120868 0.043644 0.114305 0.048068 0.108742 0.054689 0.105024 0.062500 0.103719 0.070311 0.105024 0.076932 0.108742 0.081356 0.114305
2 0.069303 0.141446 0.067834 0.148452 0.063649 0.154390 0.057387 0.158359 0.050000 0.159752 0.042613 0.158359 0.036351 0.154390 0.032166 0.148452 0.030697 0.141446 0.032166 0.134441 0.036351 0.128502 0.042613 0.124534 0.050000 0.123140 0.057387 0.124534 0.063649 0.128502 0.067834 0.134441
2 0.123770 0.146033 0.122086 0.153038 0.117288 0.158977 0.110109 0.162945 0.101639 0.164339 0.093170 0.162945 0.085990 0.158977 0.081193 0.153038 0.079508 0.146033 0.081193 0.139028 0.085990 0.133089 0.093170 0.129121 0.101639 0.127727 0.110109 0.129121 0.117288 0.133089 0.122086 0.139028
2 0.155533 0.152893 0.153979 0.159028 0.149555 0.164230 0.142933 0.167705 0.135123 0.168926 0.127312 0.167705 0.120691 0.164230 0.116267 0.159028 0.114713 0.152893 0.116267 0.146757 0.120691 0.141555 0.127312 0.138080 0.135123 0.136860 0.142933 0.138080 0.149555 0.141555 0.153979 0.146757
2 0.635533 0.141777 0.633948 0.148909 0.629435 0.154955 0.622680 0.158995 0.614713 0.160413 0.606746 0.158995 0.599991 0.154955 0.595478 0.148909 0.593893 0.141777 0.595478 0.134645 0.599991 0.128599 0.606746 0.124559 0.614713 0.123140 0.622680 0.124559 0.629435 0.128599 0.633948 0.134645
2 0.627213 0.111033 0.625875 0.117817 0.622063 0.123568 0.616359 0.127411 0.609631 0.128760 0.602903 0.127411 0.597199 0.123568 0.593388 0.117817 0.592049 0.111033 0.593388 0.104249 0.597199 0.098498 0.602903 0.094655 0.609631 0.093306 0.616359 0.094655 0.622063 0.098498 0.625875 0.104249
2 0.595738 0.098430 0.594752 0.103601 0.591944 0.107984 0.587743 0.110914 0.582787 0.111942 0.577831 0.110914 0.573629 0.107984 0.570822 0.103601 0.569836 0.098430 0.570822 0.093259 0.573629 0.088875 0.577831 0.085946 0.582787 0.084917 0.587743 0.085946 0.591944 0.088875 0.594752 0.093259
2 0.642910 0.109628 0.641503 0.116950 0.637496 0.123157 0.631500 0.127304 0.624426 0.128760 0.617353 0.127304 0.611356 0.123157 0.607350 0.116950 0.605943 0.109628 0.607350 0.102307 0.611356 0.096100 0.617353 0.091952 0.624426 0.090496 0.631500 0.091952 0.637496 0.096100 0.641503 0.102307
2 0.654918 0.088636 0.653371 0.096480 0.648964 0.103129 0.642369 0.107572 0.634590 0.109132 0.626811 0.107572 0.620216 0.103129 0.615810 0.096480 0.614262 0.088636 0.615810 0.080793 0.620216 0.074144 0.626811 0.069701 0.634590 0.068140 0.642369 0.069701 0.648964 0.074144 0.653371 0.080793
2 0.642910 0.072314 0.641256 0.079620 0.636548 0.085813 0.629501 0.089952 0.621189 0.091405 0.612876 0.089952 0.605829 0.085813 0.601121 0.079620 0.599467 0.072314 0.601121 0.065008 0.605829 0.058815 0.612876 0.054676 0.621189 0.053223 0.629501 0.054676 0.636548 0.058815 0.641256 0.065008
2 0.683607 0.070455 0.682234 0.077760 0.678325 0.083954 0.672475 0.088092 0.665574 0.089545 0.658673 0.088092 0.652823 0.083954 0.648914 0.077760 0.647541 0.070455 0.648914 0.063149 0.652823 0.056955 0.658673 0.052817 0.665574 0.051364 0.672475 0.052817 0.678325 0.056955 0.682234 0.063149
2 0.681762 0.019669 0.680636 0.025742 0.677429 0.030890 0.672629 0.034329 0.666967 0.035537 0.661305 0.034329 0.656506 0.030890 0.653298 0.025742 0.652172 0.019669 0.653298 0.013597 0.656506 0.008449 0.661305 0.005010 0.666967 0.003802 0.672629 0.005010 0.677429 0.008449 0.680636 0.013597
2 0.753852 0.027107 0.752199 0.034603 0.747490 0.040957 0.740444 0.045203 0.732131 0.046694 0.723819 0.045203 0.716772 0.040957 0.712063 0.034603 0.710410 0.027107 0.712063 0.019612 0.716772 0.013257 0.723819 0.009012 0.732131 0.007521 0.740444 0.009012 0.747490 0.013257 0.752199 0.019612
2 0.724262 0.013595 0.722996 0.018766 0.719389 0.023150 0.713991 0.026079 0.707623 0.027107 0.701255 0.026079 0.695857 0.023150 0.692250 0.018766 0.690984 0.013595 0.692250 0.008424 0.695857 0.004040 0.701255 0.001111 0.707623 0.000083 0.713991 0.001111 0.719389 0.004040 0.722996 0.008424
2 0.786230 0.016860 0.784823 0.023991 0.780816 0.030037 0.774819 0.034077 0.767746 0.035496 0.760673 0.034077 0.754676 0.030037 0.750669 0.023991 0.749262 0.016860 0.750669 0.009728 0.754676 0.003682 0.760673 0.000000 0.767746 0.000000 0.774819 0.000000 0.780816 0.003682 0.784823 0.009728
2 0.782541 0.308678 0.781168 0.315098 0.777259 0.320541 0.771409 0.324177 0.764508 0.325455 0.757607 0.324177 0.751757 0.320541 0.747848 0.315098 0.746475 0.308678 0.747848 0.302257 0.751757 0.296815 0.757607 0.293178 0.764508 0.291901 0.771409 0.293178 0.777259 0.296815 0.781168 0.302257
2 0.755738 0.286322 0.754399 0.293454 0.750588 0.299500 0.744884 0.303540 0.738156 0.304959 0.731427 0.303540 0.725723 0.299500 0.721912 0.293454 0.720574 0.286322 0.721912 0.279190 0.725723 0.273144 0.731427 0.269105 0.738156 0.267686 0.744884 0.269105 0.750588 0.273144 0.754399 0.279190
2 0.917541 0.304504 0.916240 0.310039 0.912535 0.314731 0.906991 0.317866 0.900451 0.318967 0.893911 0.317866 0.888366 0.314731 0.884662 0.310039 0.883361 0.304504 0.884662 0.298969 0.888366 0.294277 0.893911 0.291142 0.900451 0.290041 0.906991 0.291142 0.912535 0.294277 0.916240 0.298969
2 0.939754 0.276033 0.938416 0.282817 0.934604 0.288568 0.928900 0.292411 0.922172 0.293760 0.915444 0.292411 0.909740 0.288568 0.905929 0.282817 0.904590 0.276033 0.905929 0.269249 0.909740 0.263498 0.915444 0.259655 0.922172 0.258306 0.928900 0.259655 0.934604 0.263498 0.938416 0.269249
2 0.228361 0.461322 0.227356 0.467047 0.224495 0.471900 0.220214 0.475142 0.215164 0.476281 0.210114 0.475142 0.205832 0.471900 0.202972 0.467047 0.201967 0.461322 0.202972 0.455598 0.205832 0.450745 0.210114 0.447502 0.215164 0.446364 0.220214 0.447502 0.224495 0.450745 0.227356 0.455598
2 0.245943 0.431364 0.244520 0.438780 0.240469 0.445067 0.234406 0.449269 0.227254 0.450744 0.220102 0.449269 0.214039 0.445067 0.209988 0.438780 0.208566 0.431364 0.209988 0.423947 0.214039 0.417660 0.220102 0.413459 0.227254 0.411983 0.234406 0.413459 0.240469 0.417660 0.244520 0.423947
2 0.309713 0.415868 0.308166 0.422873 0.303759 0.428812 0.297164 0.432780 0.289385 0.434174 0.281606 0.432780 0.275011 0.428812 0.270605 0.422873 0.269057 0.415868 0.270605 0.408862 0.275011 0.402924 0.281606 0.398955 0.289385 0.397562 0.297164 0.398955 0.303759 0.402924 0.308166 0.408862
2 0.296557 0.342149 0.295384 0.349787 0.292044 0.356262 0.287045 0.360588 0.281148 0.362107 0.275250 0.360588 0.270251 0.356262 0.266911 0.349787 0.265738 0.342149 0.266911 0.334511 0.270251 0.328036 0.275250 0.323709 0.281148 0.322190 0.287045 0.323709 0.292044 0.328036 0.295384 0.334511
2 0.296516 0.301116 0.295178 0.309607 0.291367 0.316806 0.285663 0.321617 0.278934 0.323306 0.272206 0.321617 0.266502 0.316806 0.262691 0.309607 0.261352 0.301116 0.262691 0.292624 0.266502 0.285425 0.272206 0.280615 0.278934 0.278926 0.285663 0.280615 0.291367 0.285425 0.295178 0.292624
2 0.333893 0.628140 0.332471 0.636205 0.328420 0.643042 0.322357 0.647611 0.315205 0.649215 0.308053 0.647611 0.301990 0.643042 0.297939 0.636205 0.296516 0.628140 0.297939 0.620076 0.301990 0.613239 0.308053 0.608670 0.315205 0.607066 0.322357 0.608670 0.328420 0.613239 0.332471 0.620076
2 0.395492 0.552769 0.394194 0.559553 0.390498 0.565304 0.384967 0.569146 0.378443 0.570496 0.371918 0.569146 0.366387 0.565304 0.362691 0.559553 0.361393 0.552769 0.362691 0.545985 0.366387 0.540234 0.371918 0.536391 0.378443 0.535041 0.384967 0.536391 0.390498 0.540234 0.394194 0.545985
2 0.406475 0.514504 0.405053 0.522348 0.401002 0.528997 0.394939 0.533440 0.387787 0.535000 0.380635 0.533440 0.374572 0.528997 0.370521 0.522348 0.369098 0.514504 0.370521 0.506661 0.374572 0.500011 0.380635 0.495568 0.387787 0.494008 0.394939 0.495568 0.401002 0.500011 0.405053 0.506661
2 1.000000 0.477107 1.000000 0.484998 1.000000 0.491688 1.000000 0.496158 0.996393 0.497727 0.989963 0.496158 0.984512 0.491688 0.980869 0.484998 0.979590 0.477107 0.980869 0.469217 0.984512 0.462527 0.989963 0.458057 0.996393 0.456488 1.000000 0.458057 1.000000 0.462527 1.000000 0.469217
2 0.983975 0.469008 0.982250 0.476061 0.977337 0.482040 0.969985 0.486035 0.961311 0.487438 0.952638 0.486035 0.945286 0.482040 0.940373 0.476061 0.938648 0.469008 0.940373 0.461956 0.945286 0.455976 0.952638 0.451981 0.961311 0.450579 0.969985 0.451981 0.977337 0.455976 0.982250 0.461956
2 0.877213 0.496281 0.875656 0.503618 0.871223 0.509839 0.864588 0.513995 0.856762 0.515455 0.848936 0.513995 0.842301 0.509839 0.837868 0.503618 0.836311 0.496281 0.837868 0.488944 0.842301 0.482723 0.848936 0.478567 0.856762 0.477107 0.864588 0.478567 0.871223 0.482723 0.875656 0.488944
2 0.871393 0.537562 0.869946 0.546591 0.865824 0.554246 0.859654 0.559361 0.852377 0.561157 0.845100 0.559361 0.838930 0.554246 0.834808 0.546591 0.833361 0.537562 0.834808 0.528533 0.838930 0.520878 0.845100 0.515763 0.852377 0.513967 0.859654 0.515763 0.865824 0.520878 0.869946 0.528533
2 0.963525 0.670950 0.962411 0.676311 0.959239 0.680856 0.954493 0.683892 0.948893 0.684959 0.943294 0.683892 0.938548 0.680856 0.935376 0.676311 0.934262 0.670950 0.935376 0.665590 0.938548 0.661045 0.943294 0.658008 0.948893 0.656942 0.954493 0.658008 0.959239 0.661045 0.962411 0.665590
2 0.991270 0.738017 0.989879 0.747046 0.985917 0.754701 0.979987 0.759816 0.972992 0.761612 0.965997 0.759816 0.960067 0.754701 0.956104 0.747046 0.954713 0.738017 0.956104 0.728987 0.960067 0.721332 0.965997 0.716218 0.972992 0.714421 0.979987 0.716218 0.985917 0.721332 0.989879 0.728987
2 0.760287 0.786653 0.758839 0.793421 0.754717 0.799159 0.748548 0.802993 0.741270 0.804339 0.733993 0.802993 0.727824 0.799159 0.723702 0.793421 0.722254 0.786653 0.723702 0.779885 0.727824 0.774147 0.733993 0.770313 0.741270 0.768967 0.748548 0.770313 0.754717 0.774147 0.758839 0.779885
2 0.792418 0.828678 0.791195 0.836853 0.787713 0.843784 0.782500 0.848415 0.776352 0.850041 0.770204 0.848415 0.764992 0.843784 0.761510 0.836853 0.760287 0.828678 0.761510 0.820502 0.764992 0.813571 0.770204 0.808940 0.776352 0.807314 0.782500 0.808940 0.787713 0.813571 0.791195 0.820502
2 0.827541 0.783719 0.826093 0.790487 0.821971 0.796225 0.815802 0.800059 0.808525 0.801405 0.801247 0.800059 0.795078 0.796225 0.790956 0.790487 0.789508 0.783719 0.790956 0.776951 0.795078 0.771213 0.801247 0.767379 0.808525 0.766033 0.815802 0.767379 0.821971 0.771213 0.826093 0.776951
2 0.827541 0.723264 0.826150 0.730602 0.822187 0.736822 0.816257 0.740979 0.809262 0.742438 0.802267 0.740979 0.796337 0.736822 0.792375 0.730602 0.790984 0.723264 0.792375 0.715927 0.796337 0.709707 0.802267 0.705550 0.809262 0.704091 0.816257 0.705550 0.822187 0.709707 0.826150 0.715927
2 0.804139 0.763099 0.802748 0.770990 0.798786 0.777680 0.792856 0.782149 0.785861 0.783719 0.778866 0.782149 0.772936 0.777680 0.768973 0.770990 0.767582 0.763099 0.768973 0.755208 0.772936 0.748519 0.778866 0.744049 0.785861 0.742479 0.792856 0.744049 0.798786 0.748519 0.802748 0.755208
2 0.801230 0.693802 0.799894 0.703385 0.796092 0.711509 0.790401 0.716937 0.783689 0.718843 0.776976 0.716937 0.771285 0.711509 0.767483 0.703385 0.766148 0.693802 0.767483 0.684219 0.771285 0.676095 0.776976 0.670666 0.783689 0.668760 0.790401 0.670666 0.796092 0.676095 0.799894 0.684219
2 0.771967 0.661364 0.770354 0.668701 0.765761 0.674921 0.758887 0.679078 0.750779 0.680537 0.742670 0.679078 0.735796 0.674921 0.731203 0.668701 0.729590 0.661364 0.731203 0.654026 0.735796 0.647806 0.742670 0.643650 0.750779 0.642190 0.758887 0.643650 0.765761 0.647806 0.770354 0.654026