5 0.294432 0.184120 0.453941 0.008666 0.435814 0.000000 0.276305 0.167367
5 0.405140 0.257705 0.452763 0.032126 0.428712 0.026965 0.381089 0.252543
5 0.264278 0.436688 0.310753 0.519315 0.335557 0.607307 0.451582 0.703382 0.467188 0.684222 0.355271 0.594652 0.333386 0.510172 0.285722 0.424552
5 0.343534 0.596774 0.409845 0.571733 0.401220 0.548515 0.334909 0.573556
5 0.353303 0.454070 0.401279 0.423449 0.440623 0.438077 0.449131 0.414815 0.399730 0.400889 0.341697 0.432211
5 0.374288 0.465786 0.458864 0.480071 0.611342 0.429144 0.664917 0.455426 0.770171 0.469444 0.834127 0.490895 0.985397 0.467920 0.981734 0.443403 0.836428 0.466961 0.775944 0.445483 0.672060 0.432054 0.613226 0.406210 0.457474 0.456032 0.378745 0.441404
5 0.627689 0.423900 0.644287 0.392578 0.622598 0.380894 0.606000 0.412216
5 0.436726 0.464337 0.438816 0.543717 0.463397 0.543059 0.461307 0.463679
5 0.954291 0.189571 0.917229 0.118884 0.910426 0.052851 0.885967 0.055413 0.894070 0.125842 0.932431 0.200925
5 0.823080 0.451679 0.717299 0.534841 0.690733 0.610969 0.558624 0.888806 0.554075 0.975294 0.578630 0.976607 0.581972 0.894857 0.713398 0.620489 0.736305 0.548858 0.837904 0.471461
5 0.733922 0.528979 0.657160 0.472078 0.642594 0.492054 0.719357 0.548955
5 0.964189 0.874721 0.993915 0.770434 1.000000 0.699855 0.978585 0.696674 0.969909 0.765403 0.940565 0.867841
5 0.898949 0.838701 0.852574 0.803931 0.823229 0.749303 0.801607 0.761110 0.834247 0.819646 0.883919 0.858324
5 0.905746 0.841540 0.896729 0.796003 0.872615 0.800857 0.881631 0.846394
5 0.826279 0.895448 0.680902 0.920537 0.590615 0.988801 0.605368 1.000000 0.690237 0.942693 0.830196 0.919924
5 0.755833 0.904017 0.703907 0.963190 0.722323 0.979620 0.774249 0.920446
5 0.840883 0.925321 0.784449 0.970858 0.799814 0.990216 0.856248 0.944679
5 0.161458 0.245855 0.120843 0.223128 0.108911 0.244806 0.149525 0.267533
5 0.883266 0.375520 0.874753 0.325221 0.825081 0.245551 0.804263 0.258746 0.852185 0.333654 0.858947 0.379191
5 0.875331 0.370040 0.915987 0.344627 0.903030 0.323555 0.862374 0.348968
2 0.858811 0.435537 0.857595 0.441704 0.854130 0.446933 0.848945 0.450426 0.842828 0.451653 0.836711 0.450426 0.831526 0.446933 0.828061 0.441704 0.826844 0.435537 0.828061 0.429370 0.831526 0.424142 0.836711 0.420648 0.842828 0.419421 0.848945 0.420648 0.854130 0.424142 0.857595 0.429370
2 0.902623 0.478802 0.901019 0.482043 0.896453 0.484792 0.889619 0.486628 0.881557 0.487273 0.873496 0.486628 0.866662 0.484792 0.862095 0.482043 0.860492 0.478802 0.862095 0.475560 0.866662 0.472812 0.873496 0.470975 0.881557 0.470331 0.889619 0.470975 0.896453 0.472812 0.901019 0.475560
2 0.951434 0.490702 0.949575 0.494608 0.944280 0.497920 0.936356 0.500132 0.927008 0.500909 0.917661 0.500132 0.909736 0.497920 0.904441 0.494608 0.902582 0.490702 0.904441 0.486797 0.909736 0.483485 0.917661 0.481273 0.927008 0.480496 0.936356 0.481273 0.944280 0.483485 0.949575 0.486797
2 0.991844 0.508512 0.990306 0.514680 0.985926 0.519908 0.979371 0.523401 0.971639 0.524628 0.963907 0.523401 0.957352 0.519908 0.952972 0.514680 0.951434 0.508512 0.952972 0.502345 0.957352 0.497117 0.963907 0.493623 0.971639 0.492397 0.979371 0.493623 0.985926 0.497117 0.990306 0.502345
2 0.921148 0.511901 0.919993 0.519365 0.916706 0.525692 0.911787 0.529920 0.905984 0.531405 0.900181 0.529920 0.895261 0.525692 0.891974 0.519365 0.890820 0.511901 0.891974 0.504437 0.895261 0.498109 0.900181 0.493881 0.905984 0.492397 0.911787 0.493881 0.916706 0.498109 0.919993 0.504437
5 0.840699 0.475753 0.977953 0.524100 0.986063 0.500694 0.848809 0.452347
5 0.886176 0.486814 0.899414 0.521814 0.922390 0.512980 0.909152 0.477980
6 0.001270 0.902686 0.070943 0.870289 0.073607 0.797355 0.000000 0.750124 0.000000 0.889711
6 0.845205 0.924298 0.904139 0.962149 0.963074 0.927025 0.960410 0.856777 0.922910 0.856777 0.888074 0.845992 0.874672 0.889215
6 1.000000 0.469876 0.955041 0.421901 0.971107 0.346240 1.000000 0.314876
6 0.810369 0.465083 0.845205 0.394876 0.874672 0.411074 0.869303 0.467810
6 0.333484 0.578554 0.231680 0.562355 0.124508 0.494835 0.073607 0.419174 0.151311 0.367851 0.140615 0.303017 0.111148 0.230083 0.170082 0.184174 0.226352 0.165248 0.279918 0.173347 0.301352 0.235496 0.295984 0.292231 0.328156 0.343554 0.365656 0.416488 0.330820 0.481322