2 0.715164 0.021777 0.713713 0.029652 0.709582 0.036328 0.703399 0.040789 0.696107 0.042355 0.688814 0.040789 0.682631 0.036328 0.678500 0.029652 0.677049 0.021777 0.678500 0.013902 0.682631 0.007226 0.688814 0.002765 0.696107 0.001198 0.703399 0.002765 0.709582 0.007226 0.713713 0.013902
2 0.651230 0.082149 0.649729 0.090024 0.645456 0.096700 0.639060 0.101161 0.631516 0.102727 0.623973 0.101161 0.617577 0.096700 0.613304 0.090024 0.611803 0.082149 0.613304 0.074274 0.617577 0.067598 0.623973 0.063137 0.631516 0.061570 0.639060 0.063137 0.645456 0.067598 0.649729 0.074274
2 0.610410 0.072521 0.608597 0.081439 0.603436 0.089000 0.595711 0.094052 0.586598 0.095826 0.577486 0.094052 0.569761 0.089000 0.564599 0.081439 0.562787 0.072521 0.564599 0.063602 0.569761 0.056041 0.577486 0.050989 0.586598 0.049215 0.595711 0.050989 0.603436 0.056041 0.608597 0.063602
2 0.613156 0.110950 0.611964 0.117244 0.608570 0.122580 0.603491 0.126145 0.597500 0.127397 0.591509 0.126145 0.586430 0.122580 0.583036 0.117244 0.581844 0.110950 0.583036 0.104657 0.586430 0.099321 0.591509 0.095756 0.597500 0.094504 0.603491 0.095756 0.608570 0.099321 0.611964 0.104657
2 0.592746 0.106157 0.591295 0.112198 0.587164 0.117319 0.580981 0.120741 0.573689 0.121942 0.566396 0.120741 0.560213 0.117319 0.556082 0.112198 0.554631 0.106157 0.556082 0.100116 0.560213 0.094995 0.566396 0.091573 0.573689 0.090372 0.580981 0.091573 0.587164 0.094995 0.591295 0.100116
2 0.557336 0.098595 0.555835 0.105426 0.551562 0.111218 0.545167 0.115087 0.537623 0.116446 0.530079 0.115087 0.523684 0.111218 0.519410 0.105426 0.517910 0.098595 0.519410 0.091764 0.523684 0.085972 0.530079 0.082103 0.537623 0.080744 0.545167 0.082103 0.551562 0.085972 0.555835 0.091764
5 0.847462 0.495789 0.909757 0.476739 0.902620 0.453013 0.840325 0.472063
2 0.117787 0.058967 0.115990 0.065877 0.110873 0.071736 0.103214 0.075650 0.094180 0.077025 0.085146 0.075650 0.077488 0.071736 0.072371 0.065877 0.070574 0.058967 0.072371 0.052057 0.077488 0.046198 0.085146 0.042284 0.094180 0.040909 0.103214 0.042284 0.110873 0.046198 0.115990 0.052057
2 0.065697 0.040909 0.064892 0.045305 0.062600 0.049032 0.059169 0.051522 0.055123 0.052397 0.051077 0.051522 0.047646 0.049032 0.045354 0.045305 0.044549 0.040909 0.045354 0.036513 0.047646 0.032786 0.051077 0.030296 0.055123 0.029421 0.059169 0.030296 0.062600 0.032786 0.064892 0.036513
2 0.077090 0.067975 0.075356 0.075202 0.070416 0.081328 0.063023 0.085422 0.054303 0.086860 0.045583 0.085422 0.038191 0.081328 0.033251 0.075202 0.031516 0.067975 0.033251 0.060748 0.038191 0.054622 0.045583 0.050528 0.054303 0.049091 0.063023 0.050528 0.070416 0.054622 0.075356 0.060748
2 0.038033 0.085248 0.036420 0.092791 0.031827 0.099186 0.024953 0.103458 0.016844 0.104959 0.008736 0.103458 0.001862 0.099186 0.000000 0.092791 0.000000 0.085248 0.000000 0.077705 0.001862 0.071310 0.008736 0.067038 0.016844 0.065537 0.024953 0.067038 0.031827 0.071310 0.036420 0.077705
2 0.047787 0.109835 0.046611 0.114231 0.043261 0.117958 0.038249 0.120448 0.032336 0.121322 0.026423 0.120448 0.021411 0.117958 0.018061 0.114231 0.016885 0.109835 0.018061 0.105439 0.021411 0.101712 0.026423 0.099222 0.032336 0.098347 0.038249 0.099222 0.043261 0.101712 0.046611 0.105439
2 0.026598 0.058967 0.025297 0.066510 0.021593 0.072905 0.016048 0.077177 0.009508 0.078678 0.002968 0.077177 0.000000 0.072905 0.000000 0.066510 0.000000 0.058967 0.000000 0.051424 0.000000 0.045029 0.002968 0.040757 0.009508 0.039256 0.016048 0.040757 0.021593 0.045029 0.025297 0.051424
2 0.596844 0.143884 0.595238 0.152281 0.590662 0.159400 0.583815 0.164156 0.575738 0.165826 0.567661 0.164156 0.560813 0.159400 0.556238 0.152281 0.554631 0.143884 0.556238 0.135487 0.560813 0.128369 0.567661 0.123612 0.575738 0.121942 0.583815 0.123612 0.590662 0.128369 0.595238 0.135487
5 0.943019 0.712903 0.943230 0.678624 0.975321 0.623417 0.954106 0.610881 0.920342 0.671766 0.918457 0.711725
5 0.219622 0.416611 0.244745 0.427148 0.254190 0.404257 0.229067 0.393719
5 0.649347 0.070728 0.686150 0.039530 0.670325 0.020553 0.633522 0.051751
5 0.746498 0.325331 0.800579 0.331054 0.866923 0.315923 0.888235 0.294477 0.870864 0.276928 0.855896 0.294979 0.799650 0.306570 0.749322 0.300702
5 0.292054 0.608106 0.319144 0.561288 0.297905 0.548794 0.270815 0.595613
5 0.225691 0.425492 0.240999 0.402153 0.252639 0.359219 0.228919 0.352682 0.219063 0.391781 0.205538 0.411285
2 0.260205 0.269339 0.259129 0.275490 0.256064 0.280705 0.251476 0.284190 0.246066 0.285413 0.240655 0.284190 0.236068 0.280705 0.233003 0.275490 0.231926 0.269339 0.233003 0.263187 0.236068 0.257973 0.240655 0.254488 0.246066 0.253264 0.251476 0.254488 0.256064 0.257973 0.259129 0.263187
5 0.750492 0.803678 0.748288 0.787908 0.778493 0.744147 0.758310 0.729985 0.725902 0.780826 0.725902 0.803678
2 0.260902 0.304050 0.259716 0.311735 0.256340 0.318250 0.251288 0.322604 0.245328 0.324132 0.239368 0.322604 0.234316 0.318250 0.230940 0.311735 0.229754 0.304050 0.230940 0.296364 0.234316 0.289849 0.239368 0.285496 0.245328 0.283967 0.251288 0.285496 0.256340 0.289849 0.259716 0.296364
2 0.284836 0.327066 0.283538 0.332933 0.279842 0.337906 0.274311 0.341230 0.267787 0.342397 0.261262 0.341230 0.255731 0.337906 0.252035 0.332933 0.250738 0.327066 0.252035 0.321199 0.255731 0.316226 0.261262 0.312903 0.267787 0.311736 0.274311 0.312903 0.279842 0.316226 0.283538 0.321199
2 0.261639 0.342769 0.260535 0.349616 0.257390 0.355421 0.252683 0.359299 0.247131 0.360661 0.241579 0.359299 0.236872 0.355421 0.233727 0.349616 0.232623 0.342769 0.233727 0.335921 0.236872 0.330117 0.241579 0.326238 0.247131 0.324876 0.252683 0.326238 0.257390 0.330117 0.260535 0.335921
2 0.280492 0.424628 0.279222 0.430637 0.275606 0.435731 0.270195 0.439135 0.263811 0.440331 0.257428 0.439135 0.252017 0.435731 0.248401 0.430637 0.247131 0.424628 0.248401 0.418619 0.252017 0.413525 0.257428 0.410121 0.263811 0.408926 0.270195 0.410121 0.275606 0.413525 0.279222 0.418619
2 0.308033 0.437397 0.306763 0.443548 0.303147 0.448763 0.297736 0.452247 0.291352 0.453471 0.284969 0.452247 0.279558 0.448763 0.275942 0.443548 0.274672 0.437397 0.275942 0.431245 0.279558 0.426030 0.284969 0.422546 0.291352 0.421322 0.297736 0.422546 0.303147 0.426030 0.306763 0.431245
2 0.218156 0.430826 0.216502 0.438101 0.211794 0.444267 0.204747 0.448388 0.196434 0.449835 0.188122 0.448388 0.181075 0.444267 0.176367 0.438101 0.174713 0.430826 0.176367 0.423552 0.181075 0.417386 0.188122 0.413265 0.196434 0.411818 0.204747 0.413265 0.211794 0.417386 0.216502 0.423552
2 0.197869 0.469174 0.196381 0.477428 0.192143 0.484426 0.185801 0.489102 0.178320 0.490744 0.170839 0.489102 0.164496 0.484426 0.160259 0.477428 0.158770 0.469174 0.160259 0.460919 0.164496 0.453921 0.170839 0.449245 0.178320 0.447603 0.185801 0.449245 0.192143 0.453921 0.196381 0.460919
2 0.359549 0.505248 0.357905 0.512854 0.353223 0.519302 0.346216 0.523611 0.337951 0.525124 0.329685 0.523611 0.322678 0.519302 0.317997 0.512854 0.316352 0.505248 0.317997 0.497642 0.322678 0.491193 0.329685 0.486885 0.337951 0.485372 0.346216 0.486885 0.353223 0.491193 0.357905 0.497642
2 0.342623 0.541653 0.341051 0.550160 0.336573 0.557373 0.329872 0.562192 0.321967 0.563884 0.314063 0.562192 0.307361 0.557373 0.302884 0.550160 0.301311 0.541653 0.302884 0.533145 0.307361 0.525933 0.314063 0.521114 0.321967 0.519421 0.329872 0.521114 0.336573 0.525933 0.341051 0.533145
2 0.297582 0.643347 0.296584 0.648059 0.293741 0.652054 0.289486 0.654724 0.284467 0.655661 0.279448 0.654724 0.275194 0.652054 0.272351 0.648059 0.271352 0.643347 0.272351 0.638635 0.275194 0.634640 0.279448 0.631970 0.284467 0.631033 0.289486 0.631970 0.293741 0.634640 0.296584 0.638635
2 0.286311 0.621116 0.284777 0.628532 0.280406 0.634820 0.273864 0.639021 0.266148 0.640496 0.258431 0.639021 0.251889 0.634820 0.247518 0.628532 0.245984 0.621116 0.247518 0.613699 0.251889 0.607412 0.258431 0.603211 0.266148 0.601736 0.273864 0.603211 0.280406 0.607412 0.284777 0.613699
2 0.251639 0.636736 0.249889 0.645417 0.244905 0.652777 0.237446 0.657695 0.228648 0.659421 0.219849 0.657695 0.212390 0.652777 0.207406 0.645417 0.205656 0.636736 0.207406 0.628054 0.212390 0.620694 0.219849 0.615776 0.228648 0.614050 0.237446 0.615776 0.244905 0.620694 0.249889 0.628054
2 0.209385 0.646653 0.208671 0.650812 0.206636 0.654338 0.203592 0.656693 0.200000 0.657521 0.196408 0.656693 0.193364 0.654338 0.191329 0.650812 0.190615 0.646653 0.191329 0.642494 0.193364 0.638968 0.196408 0.636612 0.200000 0.635785 0.203592 0.636612 0.206636 0.638968 0.208671 0.642494
2 0.741967 0.661322 0.740123 0.669356 0.734873 0.676166 0.727015 0.680716 0.717746 0.682314 0.708477 0.680716 0.700619 0.676166 0.695368 0.669356 0.693525 0.661322 0.695368 0.653289 0.700619 0.646479 0.708477 0.641928 0.717746 0.640331 0.727015 0.641928 0.734873 0.646479 0.740123 0.653289
2 0.763730 0.681942 0.762422 0.688758 0.758700 0.694536 0.753129 0.698396 0.746557 0.699752 0.739986 0.698396 0.734415 0.694536 0.730692 0.688758 0.729385 0.681942 0.730692 0.675127 0.734415 0.669349 0.739986 0.665488 0.746557 0.664132 0.753129 0.665488 0.758700 0.669349 0.762422 0.675127
2 0.736270 0.679463 0.734776 0.687607 0.730521 0.694511 0.724152 0.699124 0.716639 0.700744 0.709127 0.699124 0.702758 0.694511 0.698503 0.687607 0.697008 0.679463 0.698503 0.671319 0.702758 0.664415 0.709127 0.659802 0.716639 0.658182 0.724152 0.659802 0.730521 0.664415 0.734776 0.671319
2 0.766680 0.709174 0.765186 0.715799 0.760930 0.721416 0.754562 0.725170 0.747049 0.726488 0.739537 0.725170 0.733168 0.721416 0.728912 0.715799 0.727418 0.709174 0.728912 0.702548 0.733168 0.696931 0.739537 0.693177 0.747049 0.691860 0.754562 0.693177 0.760930 0.696931 0.765186 0.702548
2 0.777500 0.750248 0.776230 0.756684 0.772614 0.762140 0.767203 0.765786 0.760820 0.767066 0.754436 0.765786 0.749025 0.762140 0.745409 0.756684 0.744139 0.750248 0.745409 0.743812 0.749025 0.738356 0.754436 0.734710 0.760820 0.733430 0.767203 0.734710 0.772614 0.738356 0.776230 0.743812
2 0.780451 0.775000 0.779293 0.781816 0.775997 0.787594 0.771065 0.791454 0.765246 0.792810 0.759427 0.791454 0.754494 0.787594 0.751198 0.781816 0.750041 0.775000 0.751198 0.768184 0.754494 0.762406 0.759427 0.758546 0.765246 0.757190 0.771065 0.758546 0.775997 0.762406 0.779293 0.768184
2 0.800082 0.775992 0.798737 0.782428 0.794908 0.787884 0.789178 0.791530 0.782418 0.792810 0.775658 0.791530 0.769928 0.787884 0.766099 0.782428 0.764754 0.775992 0.766099 0.769556 0.769928 0.764099 0.775658 0.760454 0.782418 0.759174 0.789178 0.760454 0.794908 0.764099 0.798737 0.769556
2 0.792213 0.835868 0.791056 0.841355 0.787760 0.846007 0.782827 0.849115 0.777008 0.850207 0.771190 0.849115 0.766257 0.846007 0.762961 0.841355 0.761803 0.835868 0.762961 0.830381 0.766257 0.825729 0.771190 0.822620 0.777008 0.821529 0.782827 0.822620 0.787760 0.825729 0.791056 0.830381
2 0.762746 0.822521 0.761326 0.829336 0.757284 0.835114 0.751234 0.838975 0.744098 0.840331 0.736962 0.838975 0.730913 0.835114 0.726870 0.829336 0.725451 0.822521 0.726870 0.815705 0.730913 0.809927 0.736962 0.806066 0.744098 0.804711 0.751234 0.806066 0.757284 0.809927 0.761326 0.815705
2 0.726434 0.783926 0.724828 0.791121 0.720252 0.797220 0.713405 0.801296 0.705328 0.802727 0.697251 0.801296 0.690403 0.797220 0.685828 0.791121 0.684221 0.783926 0.685828 0.776731 0.690403 0.770631 0.697251 0.766555 0.705328 0.765124 0.713405 0.766555 0.720252 0.770631 0.724828 0.776731
2 1.000000 0.563760 1.000000 0.569501 0.997305 0.574367 0.992731 0.577619 0.987336 0.578760 0.981941 0.577619 0.977367 0.574367 0.974311 0.569501 0.973238 0.563760 0.974311 0.558020 0.977367 0.553154 0.981941 0.549902 0.987336 0.548760 0.992731 0.549902 0.997305 0.553154 1.000000 0.558020
2 0.988934 0.577934 0.987743 0.584275 0.984349 0.589651 0.979270 0.593243 0.973279 0.594504 0.967287 0.593243 0.962208 0.589651 0.958815 0.584275 0.957623 0.577934 0.958815 0.571593 0.962208 0.566217 0.967287 0.562625 0.973279 0.561364 0.979270 0.562625 0.984349 0.566217 0.987743 0.571593
2 0.998320 0.602397 0.996769 0.607836 0.992354 0.612448 0.985746 0.615530 0.977951 0.616612 0.970156 0.615530 0.963548 0.612448 0.959132 0.607836 0.957582 0.602397 0.959132 0.596957 0.963548 0.592345 0.970156 0.589264 0.977951 0.588182 0.985746 0.589264 0.992354 0.592345 0.996769 0.596957
2 0.965451 0.769711 0.963900 0.777570 0.959485 0.784233 0.952877 0.788685 0.945082 0.790248 0.937287 0.788685 0.930679 0.784233 0.926264 0.777570 0.924713 0.769711 0.926264 0.761852 0.930679 0.755189 0.937287 0.750737 0.945082 0.749174 0.952877 0.750737 0.959485 0.755189 0.963900 0.761852
2 0.957582 0.736570 0.956153 0.745030 0.952084 0.752203 0.945995 0.756995 0.938811 0.758678 0.931628 0.756995 0.925539 0.752203 0.921470 0.745030 0.920041 0.736570 0.921470 0.728110 0.925539 0.720938 0.931628 0.716146 0.938811 0.714463 0.945995 0.716146 0.952084 0.720938 0.956153 0.728110
2 0.932541 0.671074 0.931053 0.678617 0.926815 0.685012 0.920473 0.689285 0.912992 0.690785 0.905511 0.689285 0.899168 0.685012 0.894931 0.678617 0.893443 0.671074 0.894931 0.663531 0.899168 0.657137 0.905511 0.652864 0.912992 0.651364 0.920473 0.652864 0.926815 0.657137 0.931053 0.663531
2 0.940369 0.437479 0.939059 0.443220 0.935327 0.448086 0.929743 0.451338 0.923156 0.452479 0.916569 0.451338 0.910984 0.448086 0.907253 0.443220 0.905943 0.437479 0.907253 0.431739 0.910984 0.426873 0.916569 0.423621 0.923156 0.422479 0.929743 0.423621 0.935327 0.426873 0.939059 0.431739
2 0.951352 0.465083 0.949565 0.471724 0.944474 0.477355 0.936856 0.481117 0.927869 0.482438 0.918882 0.481117 0.911263 0.477355 0.906173 0.471724 0.904385 0.465083 0.906173 0.458441 0.911263 0.452811 0.918882 0.449048 0.927869 0.447727 0.936856 0.449048 0.944474 0.452811 0.949565 0.458441
2 0.990492 0.484050 0.988763 0.491909 0.983842 0.498572 0.976476 0.503023 0.967787 0.504587 0.959098 0.503023 0.951732 0.498572 0.946810 0.491909 0.945082 0.484050 0.946810 0.476190 0.951732 0.469528 0.959098 0.465076 0.967787 0.463512 0.976476 0.465076 0.983842 0.469528 0.988763 0.476190
2 0.844918 0.495083 0.843368 0.503543 0.838952 0.510715 0.832344 0.515507 0.824549 0.517190 0.816754 0.515507 0.810146 0.510715 0.805731 0.503543 0.804180 0.495083 0.805731 0.486622 0.810146 0.479450 0.816754 0.474658 0.824549 0.472975 0.832344 0.474658 0.838952 0.479450 0.843368 0.486622
2 0.835492 0.541653 0.834182 0.550413 0.830450 0.557840 0.824866 0.562803 0.818279 0.564545 0.811692 0.562803 0.806107 0.557840 0.802376 0.550413 0.801066 0.541653 0.802376 0.532892 0.806107 0.525465 0.811692 0.520503 0.818279 0.518760 0.824866 0.520503 0.830450 0.525465 0.834182 0.532892
2 0.826107 0.581116 0.824856 0.589275 0.821293 0.596193 0.815961 0.600815 0.809672 0.602438 0.803383 0.600815 0.798051 0.596193 0.794489 0.589275 0.793238 0.581116 0.794489 0.572956 0.798051 0.566039 0.803383 0.561416 0.809672 0.559793 0.815961 0.561416 0.821293 0.566039 0.824856 0.572956
2 0.921230 0.247149 0.920169 0.251798 0.917148 0.255739 0.912628 0.258373 0.907295 0.259298 0.901963 0.258373 0.897442 0.255739 0.894421 0.251798 0.893361 0.247149 0.894421 0.242500 0.897442 0.238558 0.901963 0.235925 0.907295 0.235000 0.912628 0.235925 0.917148 0.238558 0.920169 0.242500
2 0.908238 0.272397 0.907037 0.279560 0.903616 0.285633 0.898497 0.289691 0.892459 0.291116 0.886421 0.289691 0.881302 0.285633 0.877881 0.279560 0.876680 0.272397 0.877881 0.265233 0.881302 0.259160 0.886421 0.255103 0.892459 0.253678 0.898497 0.255103 0.903616 0.259160 0.907037 0.265233
2 0.882254 0.317314 0.881371 0.321615 0.878857 0.325262 0.875094 0.327698 0.870656 0.328554 0.866217 0.327698 0.862454 0.325262 0.859940 0.321615 0.859057 0.317314 0.859940 0.313013 0.862454 0.309366 0.866217 0.306930 0.870656 0.306074 0.875094 0.306930 0.878857 0.309366 0.881371 0.313013
2 0.903566 0.331322 0.902471 0.336699 0.899352 0.341257 0.894685 0.344302 0.889180 0.345372 0.883675 0.344302 0.879008 0.341257 0.875890 0.336699 0.874795 0.331322 0.875890 0.325946 0.879008 0.321388 0.883675 0.318342 0.889180 0.317273 0.894685 0.318342 0.899352 0.321388 0.902471 0.325946
2 0.747705 0.310289 0.746576 0.316551 0.743360 0.321860 0.738546 0.325407 0.732869 0.326653 0.727191 0.325407 0.722378 0.321860 0.719162 0.316551 0.718033 0.310289 0.719162 0.304027 0.722378 0.298718 0.727191 0.295171 0.732869 0.293926 0.738546 0.295171 0.743360 0.298718 0.746576 0.304027
2 0.732869 0.307769 0.731780 0.315375 0.728680 0.321823 0.724039 0.326132 0.718566 0.327645 0.713092 0.326132 0.708452 0.321823 0.705351 0.315375 0.704262 0.307769 0.705351 0.300162 0.708452 0.293714 0.713092 0.289406 0.718566 0.287893 0.724039 0.289406 0.728680 0.293714 0.731780 0.300162
2 0.723320 0.283760 0.721922 0.291114 0.717942 0.297347 0.711985 0.301513 0.704959 0.302975 0.697933 0.301513 0.691976 0.297347 0.687996 0.291114 0.686598 0.283760 0.687996 0.276407 0.691976 0.270173 0.697933 0.266008 0.704959 0.264545 0.711985 0.266008 0.717942 0.270173 0.721922 0.276407
2 0.776393 0.013554 0.774996 0.019326 0.771016 0.024219 0.765059 0.027488 0.758033 0.028636 0.751006 0.027488 0.745050 0.024219 0.741070 0.019326 0.739672 0.013554 0.741070 0.007782 0.745050 0.002889 0.751006 0.000000 0.758033 0.000000 0.765059 0.000000 0.771016 0.002889 0.774996 0.007782
2 0.750533 0.015620 0.749032 0.022182 0.744759 0.027746 0.738364 0.031463 0.730820 0.032769 0.723276 0.031463 0.716880 0.027746 0.712607 0.022182 0.711107 0.015620 0.712607 0.009057 0.716880 0.003494 0.723276 0.000000 0.730820 0.000000 0.738364 0.000000 0.744759 0.003494 0.749032 0.009057