5 0.646684 0.828362 0.678769 0.879050 0.705039 0.923720 0.726190 0.911074 0.699709 0.866059 0.667414 0.815026
5 0.812926 0.182821 0.794155 0.159640 0.775107 0.175319 0.793877 0.198501
0 0.079467 0.974628 0.078528 0.981080 0.075854 0.986550 0.071852 0.990204 0.067131 0.991488 0.062410 0.990204 0.058408 0.986550 0.055734 0.981080 0.054795 0.974628 0.055734 0.968176 0.058408 0.962707 0.062410 0.959052 0.067131 0.957769 0.071852 0.959052 0.075854 0.962707 0.078528 0.968176
0 0.097992 0.944008 0.096953 0.949954 0.093995 0.954995 0.089567 0.958363 0.084344 0.959545 0.079122 0.958363 0.074694 0.954995 0.071736 0.949954 0.070697 0.944008 0.071736 0.938062 0.074694 0.933022 0.079122 0.929654 0.084344 0.928471 0.089567 0.929654 0.093995 0.933022 0.096953 0.938062
0 0.131475 0.927562 0.130268 0.934694 0.126830 0.940740 0.121684 0.944780 0.115615 0.946198 0.109545 0.944780 0.104400 0.940740 0.100961 0.934694 0.099754 0.927562 0.100961 0.920430 0.104400 0.914384 0.109545 0.910344 0.115615 0.908926 0.121684 0.910344 0.126830 0.914384 0.130268 0.920430
0 0.164057 0.907603 0.162816 0.913897 0.159280 0.919233 0.153988 0.922798 0.147746 0.924050 0.141504 0.922798 0.136212 0.919233 0.132676 0.913897 0.131434 0.907603 0.132676 0.901310 0.136212 0.895974 0.141504 0.892409 0.147746 0.891157 0.153988 0.892409 0.159280 0.895974 0.162816 0.901310
0 0.071557 0.943554 0.070618 0.949326 0.067944 0.954219 0.063942 0.957488 0.059221 0.958636 0.054501 0.957488 0.050498 0.954219 0.047824 0.949326 0.046885 0.943554 0.047824 0.937782 0.050498 0.932889 0.054501 0.929619 0.059221 0.928471 0.063942 0.929619 0.067944 0.932889 0.070618 0.937782
0 0.071557 0.918264 0.070384 0.923530 0.067044 0.927994 0.062045 0.930977 0.056148 0.932025 0.050250 0.930977 0.045251 0.927994 0.041911 0.923530 0.040738 0.918264 0.041911 0.912999 0.045251 0.908534 0.050250 0.905552 0.056148 0.904504 0.062045 0.905552 0.067044 0.908534 0.070384 0.912999
0 0.060082 0.893843 0.058909 0.899963 0.055569 0.905151 0.050569 0.908617 0.044672 0.909835 0.038775 0.908617 0.033776 0.905151 0.030435 0.899963 0.029262 0.893843 0.030435 0.887723 0.033776 0.882535 0.038775 0.879069 0.044672 0.877851 0.050569 0.879069 0.055569 0.882535 0.058909 0.887723
0 0.048648 0.873388 0.047977 0.877468 0.046067 0.880927 0.043208 0.883238 0.039836 0.884050 0.036464 0.883238 0.033605 0.880927 0.031695 0.877468 0.031025 0.873388 0.031695 0.869309 0.033605 0.865850 0.036464 0.863539 0.039836 0.862727 0.043208 0.863539 0.046067 0.865850 0.047977 0.869309
0 0.047787 0.919587 0.046411 0.924679 0.042493 0.928995 0.036630 0.931880 0.029713 0.932893 0.022797 0.931880 0.016933 0.928995 0.013015 0.924679 0.011639 0.919587 0.013015 0.914495 0.016933 0.910178 0.022797 0.907294 0.029713 0.906281 0.036630 0.907294 0.042493 0.910178 0.046411 0.914495
0 0.492541 0.139091 0.491633 0.145480 0.489048 0.150896 0.485179 0.154514 0.480615 0.155785 0.476051 0.154514 0.472182 0.150896 0.469596 0.145480 0.468689 0.139091 0.469596 0.132702 0.472182 0.127286 0.476051 0.123667 0.480615 0.122397 0.485179 0.123667 0.489048 0.127286 0.491633 0.132702
0 0.511107 0.107686 0.510149 0.113822 0.507421 0.119023 0.503340 0.122499 0.498525 0.123719 0.493710 0.122499 0.489628 0.119023 0.486900 0.113822 0.485943 0.107686 0.486900 0.101550 0.489628 0.096349 0.493710 0.092873 0.498525 0.091653 0.503340 0.092873 0.507421 0.096349 0.510149 0.101550
0 0.487295 0.102355 0.486184 0.109519 0.483022 0.115592 0.478288 0.119649 0.472705 0.121074 0.467122 0.119649 0.462388 0.115592 0.459225 0.109519 0.458115 0.102355 0.459225 0.095192 0.462388 0.089119 0.467122 0.085061 0.472705 0.083636 0.478288 0.085061 0.483022 0.089119 0.486184 0.095192
0 0.484631 0.064959 0.483521 0.072122 0.480358 0.078195 0.475624 0.082253 0.470041 0.083678 0.464458 0.082253 0.459724 0.078195 0.456561 0.072122 0.455451 0.064959 0.456561 0.057795 0.459724 0.051722 0.464458 0.047665 0.470041 0.046240 0.475624 0.047665 0.480358 0.051722 0.483521 0.057795
0 0.386557 0.229256 0.385197 0.233858 0.381324 0.237759 0.375527 0.240366 0.368689 0.241281 0.361850 0.240366 0.356053 0.237759 0.352180 0.233858 0.350820 0.229256 0.352180 0.224655 0.356053 0.220753 0.361850 0.218147 0.368689 0.217231 0.375527 0.218147 0.381324 0.220753 0.385197 0.224655
0 0.409098 0.201901 0.407888 0.209317 0.404441 0.215605 0.399282 0.219806 0.393197 0.221281 0.387111 0.219806 0.381953 0.215605 0.378506 0.209317 0.377295 0.201901 0.378506 0.194484 0.381953 0.188197 0.387111 0.183996 0.393197 0.182521 0.399282 0.183996 0.404441 0.188197 0.407888 0.194484
0 0.435615 0.204545 0.434504 0.211440 0.431341 0.217285 0.426608 0.221191 0.421025 0.222562 0.415441 0.221191 0.410708 0.217285 0.407545 0.211440 0.406434 0.204545 0.407545 0.197651 0.410708 0.191806 0.415441 0.187900 0.421025 0.186529 0.426608 0.187900 0.431341 0.191806 0.434504 0.197651
0 0.426311 0.166488 0.425201 0.174663 0.422038 0.181594 0.417305 0.186225 0.411721 0.187851 0.406138 0.186225 0.401405 0.181594 0.398242 0.174663 0.397131 0.166488 0.398242 0.158312 0.401405 0.151381 0.406138 0.146750 0.411721 0.145124 0.417305 0.146750 0.422038 0.151381 0.425201 0.158312
0 0.447500 0.144421 0.446542 0.149276 0.443815 0.153392 0.439733 0.156142 0.434918 0.157107 0.430103 0.156142 0.426021 0.153392 0.423294 0.149276 0.422336 0.144421 0.423294 0.139567 0.426021 0.135451 0.430103 0.132701 0.434918 0.131736 0.439733 0.132701 0.443815 0.135451 0.446542 0.139567
0 0.277910 0.292727 0.276902 0.300144 0.274033 0.306431 0.269738 0.310632 0.264672 0.312107 0.259606 0.310632 0.255312 0.306431 0.252442 0.300144 0.251434 0.292727 0.252442 0.285311 0.255312 0.279023 0.259606 0.274822 0.264672 0.273347 0.269738 0.274822 0.274033 0.279023 0.276902 0.285311
0 0.281885 0.256653 0.280878 0.264575 0.278008 0.271292 0.273713 0.275779 0.268648 0.277355 0.263582 0.275779 0.259287 0.271292 0.256417 0.264575 0.255410 0.256653 0.256417 0.248730 0.259287 0.242014 0.263582 0.237526 0.268648 0.235950 0.273713 0.237526 0.278008 0.242014 0.280878 0.248730
0 0.264672 0.229256 0.263562 0.233858 0.260399 0.237759 0.255665 0.240366 0.250082 0.241281 0.244499 0.240366 0.239765 0.237759 0.236602 0.233858 0.235492 0.229256 0.236602 0.224655 0.239765 0.220753 0.244499 0.218147 0.250082 0.217231 0.255665 0.218147 0.260399 0.220753 0.263562 0.224655
0 0.292500 0.218595 0.291542 0.223197 0.288815 0.227098 0.284733 0.229705 0.279918 0.230620 0.275103 0.229705 0.271021 0.227098 0.268294 0.223197 0.267336 0.218595 0.268294 0.213993 0.271021 0.210092 0.275103 0.207486 0.279918 0.206570 0.284733 0.207486 0.288815 0.210092 0.291542 0.213993
0 0.304385 0.209215 0.303680 0.212789 0.301672 0.215818 0.298667 0.217843 0.295123 0.218554 0.291578 0.217843 0.288574 0.215818 0.286566 0.212789 0.285861 0.209215 0.286566 0.205641 0.288574 0.202611 0.291578 0.200587 0.295123 0.199876 0.298667 0.200587 0.301672 0.202611 0.303680 0.205641
0 0.237418 0.391033 0.236155 0.395888 0.232556 0.400003 0.227172 0.402753 0.220820 0.403719 0.214468 0.402753 0.209083 0.400003 0.205485 0.395888 0.204221 0.391033 0.205485 0.386178 0.209083 0.382063 0.214468 0.379313 0.220820 0.378347 0.227172 0.379313 0.232556 0.382063 0.236155 0.386178
0 0.248852 0.365083 0.247938 0.370159 0.245335 0.374462 0.241440 0.377337 0.236844 0.378347 0.232249 0.377337 0.228353 0.374462 0.225750 0.370159 0.224836 0.365083 0.225750 0.360007 0.228353 0.355703 0.232249 0.352828 0.236844 0.351818 0.241440 0.352828 0.245335 0.355703 0.247938 0.360007
0 0.276311 0.381240 0.274830 0.386316 0.270610 0.390619 0.264294 0.393494 0.256844 0.394504 0.249394 0.393494 0.243079 0.390619 0.238859 0.386316 0.237377 0.381240 0.238859 0.376164 0.243079 0.371860 0.249394 0.368985 0.256844 0.367975 0.264294 0.368985 0.270610 0.371860 0.274830 0.376164
0 0.314057 0.378347 0.312619 0.382759 0.308524 0.386499 0.302394 0.388998 0.295164 0.389876 0.287934 0.388998 0.281804 0.386499 0.277709 0.382759 0.276270 0.378347 0.277709 0.373935 0.281804 0.370195 0.287934 0.367696 0.295164 0.366818 0.302394 0.367696 0.308524 0.370195 0.312619 0.373935
0 0.380861 0.502810 0.379369 0.507712 0.375123 0.511868 0.368767 0.514645 0.361270 0.515620 0.353774 0.514645 0.347418 0.511868 0.343172 0.507712 0.341680 0.502810 0.343172 0.497908 0.347418 0.493752 0.353774 0.490975 0.361270 0.490000 0.368767 0.490975 0.375123 0.493752 0.379369 0.497908
0 0.343975 0.495248 0.342572 0.500371 0.338574 0.504715 0.332590 0.507617 0.325533 0.508636 0.318475 0.507617 0.312492 0.504715 0.308494 0.500371 0.307090 0.495248 0.308494 0.490124 0.312492 0.485781 0.318475 0.482879 0.325533 0.481860 0.332590 0.482879 0.338574 0.485781 0.342572 0.490124
0 0.310533 0.491777 0.309042 0.496900 0.304795 0.501244 0.298439 0.504146 0.290943 0.505165 0.283446 0.504146 0.277090 0.501244 0.272844 0.496900 0.271352 0.491777 0.272844 0.486653 0.277090 0.482310 0.283446 0.479408 0.290943 0.478388 0.298439 0.479408 0.304795 0.482310 0.309042 0.486653
0 0.259795 0.490041 0.258479 0.494943 0.254729 0.499099 0.249119 0.501876 0.242500 0.502851 0.235881 0.501876 0.230271 0.499099 0.226521 0.494943 0.225205 0.490041 0.226521 0.485139 0.230271 0.480983 0.235881 0.478207 0.242500 0.477231 0.249119 0.478207 0.254729 0.480983 0.258479 0.485139
0 0.232131 0.479587 0.230553 0.484489 0.226057 0.488645 0.219329 0.491422 0.211393 0.492397 0.203457 0.491422 0.196730 0.488645 0.192234 0.484489 0.190656 0.479587 0.192234 0.474685 0.196730 0.470529 0.203457 0.467752 0.211393 0.466777 0.219329 0.467752 0.226057 0.470529 0.230553 0.474685
0 0.266721 0.463306 0.265405 0.468651 0.261656 0.473182 0.256045 0.476210 0.249426 0.477273 0.242808 0.476210 0.237197 0.473182 0.233448 0.468651 0.232131 0.463306 0.233448 0.457961 0.237197 0.453430 0.242808 0.450402 0.249426 0.449339 0.256045 0.450402 0.261656 0.453430 0.265405 0.457961
0 0.294385 0.438884 0.293156 0.444672 0.289656 0.449579 0.284417 0.452857 0.278238 0.454008 0.272058 0.452857 0.266820 0.449579 0.263319 0.444672 0.262090 0.438884 0.263319 0.433097 0.266820 0.428190 0.272058 0.424912 0.278238 0.423760 0.284417 0.424912 0.289656 0.428190 0.293156 0.433097
0 0.269016 0.440041 0.267656 0.445386 0.263783 0.449917 0.257986 0.452945 0.251148 0.454008 0.244309 0.452945 0.238512 0.449917 0.234639 0.445386 0.233279 0.440041 0.234639 0.434696 0.238512 0.430165 0.244309 0.427138 0.251148 0.426074 0.257986 0.427138 0.263783 0.430165 0.267656 0.434696
0 0.236721 0.451074 0.235230 0.457083 0.230983 0.462178 0.224628 0.465582 0.217131 0.466777 0.209634 0.465582 0.203279 0.462178 0.199032 0.457083 0.197541 0.451074 0.199032 0.445065 0.203279 0.439971 0.209634 0.436567 0.217131 0.435372 0.224628 0.436567 0.230983 0.439971 0.235230 0.445065
0 0.212541 0.434215 0.211487 0.440003 0.208484 0.444909 0.203990 0.448188 0.198689 0.449339 0.193387 0.448188 0.188893 0.444909 0.185891 0.440003 0.184836 0.434215 0.185891 0.428427 0.188893 0.423521 0.193387 0.420242 0.198689 0.419091 0.203990 0.420242 0.208484 0.423521 0.211487 0.428427
0 0.192910 0.469091 0.191593 0.475764 0.187844 0.481421 0.182233 0.485202 0.175615 0.486529 0.168996 0.485202 0.163385 0.481421 0.159636 0.475764 0.158320 0.469091 0.159636 0.462418 0.163385 0.456760 0.168996 0.452980 0.175615 0.451653 0.182233 0.452980 0.187844 0.456760 0.191593 0.462418
0 0.578607 0.270124 0.577524 0.277967 0.574441 0.284617 0.569828 0.289060 0.564385 0.290620 0.558943 0.289060 0.554329 0.284617 0.551246 0.277967 0.550164 0.270124 0.551246 0.262281 0.554329 0.255631 0.558943 0.251188 0.564385 0.249628 0.569828 0.251188 0.574441 0.255631 0.577524 0.262281
0 0.562336 0.238306 0.561098 0.244979 0.557571 0.250636 0.552292 0.254416 0.546066 0.255744 0.539839 0.254416 0.534561 0.250636 0.531034 0.244979 0.529795 0.238306 0.531034 0.231633 0.534561 0.225975 0.539839 0.222195 0.546066 0.220868 0.552292 0.222195 0.557571 0.225975 0.561098 0.231633
0 0.541967 0.215744 0.540498 0.222417 0.536313 0.228074 0.530051 0.231854 0.522664 0.233182 0.515277 0.231854 0.509014 0.228074 0.504830 0.222417 0.503361 0.215744 0.504830 0.209071 0.509014 0.203413 0.515277 0.199633 0.522664 0.198306 0.530051 0.199633 0.536313 0.203413 0.540498 0.209071
0 0.542090 0.191736 0.541070 0.196448 0.538165 0.200443 0.533817 0.203112 0.528689 0.204050 0.523560 0.203112 0.519212 0.200443 0.516307 0.196448 0.515287 0.191736 0.516307 0.187023 0.519212 0.183028 0.523560 0.180359 0.528689 0.179421 0.533817 0.180359 0.538165 0.183028 0.541070 0.187023
0 0.576721 0.213595 0.575311 0.218149 0.571296 0.222010 0.565286 0.224590 0.558197 0.225496 0.551108 0.224590 0.545098 0.222010 0.541082 0.218149 0.539672 0.213595 0.541082 0.209041 0.545098 0.205180 0.551108 0.202600 0.558197 0.201694 0.565286 0.202600 0.571296 0.205180 0.575311 0.209041
0 0.622377 0.202066 0.620608 0.207379 0.615571 0.211884 0.608032 0.214894 0.599139 0.215950 0.590247 0.214894 0.582708 0.211884 0.577671 0.207379 0.575902 0.202066 0.577671 0.196753 0.582708 0.192248 0.590247 0.189239 0.599139 0.188182 0.608032 0.189239 0.615571 0.192248 0.620608 0.196753
0 0.659426 0.190537 0.658016 0.194791 0.654001 0.198397 0.647991 0.200807 0.640902 0.201653 0.633813 0.200807 0.627803 0.198397 0.623787 0.194791 0.622377 0.190537 0.623787 0.186283 0.627803 0.182677 0.633813 0.180268 0.640902 0.179421 0.647991 0.180268 0.654001 0.182677 0.658016 0.186283
0 0.527910 0.334917 0.526391 0.340199 0.522064 0.344677 0.515589 0.347668 0.507951 0.348719 0.500313 0.347668 0.493838 0.344677 0.489511 0.340199 0.487992 0.334917 0.489511 0.329636 0.493838 0.325158 0.500313 0.322166 0.507951 0.321116 0.515589 0.322166 0.522064 0.325158 0.526391 0.329636
0 0.555246 0.341818 0.553945 0.346214 0.550240 0.349941 0.544696 0.352431 0.538156 0.353306 0.531616 0.352431 0.526071 0.349941 0.522366 0.346214 0.521066 0.341818 0.522366 0.337422 0.526071 0.333695 0.531616 0.331205 0.538156 0.330331 0.544696 0.331205 0.550240 0.333695 0.553945 0.337422
0 0.574672 0.322851 0.573412 0.328354 0.569823 0.333020 0.564451 0.336137 0.558115 0.337231 0.551779 0.336137 0.546407 0.333020 0.542818 0.328354 0.541557 0.322851 0.542818 0.317348 0.546407 0.312683 0.551779 0.309566 0.558115 0.308471 0.564451 0.309566 0.569823 0.312683 0.573412 0.317348
0 0.603156 0.365950 0.602157 0.371675 0.599315 0.376528 0.595060 0.379770 0.590041 0.380909 0.585022 0.379770 0.580767 0.376528 0.577925 0.371675 0.576926 0.365950 0.577925 0.360226 0.580767 0.355373 0.585022 0.352130 0.590041 0.350992 0.595060 0.352130 0.599315 0.355373 0.602157 0.360226
0 0.616844 0.392438 0.616064 0.398605 0.613843 0.403834 0.610519 0.407327 0.606598 0.408554 0.602677 0.407327 0.599353 0.403834 0.597132 0.398605 0.596352 0.392438 0.597132 0.386271 0.599353 0.381042 0.602677 0.377549 0.606598 0.376322 0.610519 0.377549 0.613843 0.381042 0.616064 0.386271
0 0.633975 0.417149 0.632890 0.422209 0.629798 0.426499 0.625171 0.429365 0.619713 0.430372 0.614255 0.429365 0.609628 0.426499 0.606536 0.422209 0.605451 0.417149 0.606536 0.412088 0.609628 0.407799 0.614255 0.404932 0.619713 0.403926 0.625171 0.404932 0.629798 0.407799 0.632890 0.412088
0 0.637377 0.360785 0.635945 0.365830 0.631867 0.370106 0.625764 0.372964 0.618566 0.373967 0.611367 0.372964 0.605264 0.370106 0.601186 0.365830 0.599754 0.360785 0.601186 0.355741 0.605264 0.351464 0.611367 0.348607 0.618566 0.347603 0.625764 0.348607 0.631867 0.351464 0.635945 0.355741
0 0.664754 0.342397 0.663278 0.348343 0.659076 0.353383 0.652787 0.356751 0.645369 0.357934 0.637950 0.356751 0.631661 0.353383 0.627459 0.348343 0.625984 0.342397 0.627459 0.336451 0.631661 0.331410 0.637950 0.328042 0.645369 0.326860 0.652787 0.328042 0.659076 0.331410 0.663278 0.336451
0 0.698975 0.328017 0.697412 0.333298 0.692961 0.337776 0.686300 0.340768 0.678443 0.341818 0.670585 0.340768 0.663924 0.337776 0.659473 0.333298 0.657910 0.328017 0.659473 0.322735 0.663924 0.318257 0.670585 0.315265 0.678443 0.314215 0.686300 0.315265 0.692961 0.318257 0.697412 0.322735
0 0.592910 0.324008 0.591781 0.331267 0.588564 0.337420 0.583751 0.341531 0.578074 0.342975 0.572396 0.341531 0.567583 0.337420 0.564367 0.331267 0.563238 0.324008 0.564367 0.316750 0.567583 0.310597 0.572396 0.306485 0.578074 0.305041 0.583751 0.306485 0.588564 0.310597 0.591781 0.316750
0 0.580369 0.349876 0.579240 0.356470 0.576023 0.362060 0.571210 0.365796 0.565533 0.367107 0.559855 0.365796 0.555042 0.362060 0.551826 0.356470 0.550697 0.349876 0.551826 0.343282 0.555042 0.337692 0.559855 0.333956 0.565533 0.332645 0.571210 0.333956 0.576023 0.337692 0.579240 0.343282
0 0.567828 0.379215 0.566568 0.386030 0.562978 0.391808 0.557607 0.395669 0.551270 0.397025 0.544934 0.395669 0.539563 0.391808 0.535973 0.386030 0.534713 0.379215 0.535973 0.372399 0.539563 0.366621 0.544934 0.362761 0.551270 0.361405 0.557607 0.362761 0.562978 0.366621 0.566568 0.372399
0 0.550697 0.407355 0.549396 0.414835 0.545691 0.421176 0.540147 0.425413 0.533607 0.426901 0.527066 0.425413 0.521522 0.421176 0.517817 0.414835 0.516516 0.407355 0.517817 0.399876 0.521522 0.393535 0.527066 0.389298 0.533607 0.387810 0.540147 0.389298 0.545691 0.393535 0.549396 0.399876
0 0.516475 0.417727 0.515000 0.423894 0.510798 0.429123 0.504509 0.432616 0.497090 0.433843 0.489672 0.432616 0.483383 0.429123 0.479181 0.423894 0.477705 0.417727 0.479181 0.411560 0.483383 0.406332 0.489672 0.402838 0.497090 0.401612 0.504509 0.402838 0.510798 0.406332 0.515000 0.411560
0 0.529016 0.464876 0.527584 0.469715 0.523507 0.473817 0.517404 0.476558 0.510205 0.477521 0.503006 0.476558 0.496903 0.473817 0.492825 0.469715 0.491393 0.464876 0.492825 0.460037 0.496903 0.455935 0.503006 0.453194 0.510205 0.452231 0.517404 0.453194 0.523507 0.455935 0.527584 0.460037
0 0.546148 0.446488 0.545018 0.452212 0.541802 0.457065 0.536989 0.460308 0.531311 0.461446 0.525634 0.460308 0.520821 0.457065 0.517605 0.452212 0.516475 0.446488 0.517605 0.440763 0.520821 0.435910 0.525634 0.432668 0.531311 0.431529 0.536989 0.432668 0.541802 0.435910 0.545018 0.440763
0 0.481107 0.413140 0.479675 0.417537 0.475597 0.421263 0.469494 0.423754 0.462295 0.424628 0.455096 0.423754 0.448993 0.421263 0.444916 0.417537 0.443484 0.413140 0.444916 0.408744 0.448993 0.405018 0.455096 0.402527 0.462295 0.401653 0.469494 0.402527 0.475597 0.405018 0.479675 0.408744
0 0.493689 0.472355 0.492516 0.477858 0.489175 0.482524 0.484176 0.485641 0.478279 0.486736 0.472382 0.485641 0.467382 0.482524 0.464042 0.477858 0.462869 0.472355 0.464042 0.466852 0.467382 0.462187 0.472382 0.459070 0.478279 0.457975 0.484176 0.459070 0.489175 0.462187 0.492516 0.466852
0 0.586066 0.469463 0.584546 0.475187 0.580220 0.480040 0.573745 0.483283 0.566107 0.484421 0.558469 0.483283 0.551993 0.480040 0.547667 0.475187 0.546148 0.469463 0.547667 0.463738 0.551993 0.458885 0.558469 0.455643 0.566107 0.454504 0.573745 0.455643 0.580220 0.458885 0.584546 0.463738
0 0.616844 0.485579 0.615456 0.491303 0.611503 0.496156 0.605586 0.499399 0.598607 0.500537 0.591627 0.499399 0.585711 0.496156 0.581757 0.491303 0.580369 0.485579 0.581757 0.479854 0.585711 0.475001 0.591627 0.471758 0.598607 0.470620 0.605586 0.471758 0.611503 0.475001 0.615456 0.479854
0 0.624877 0.515455 0.623617 0.522049 0.620028 0.527639 0.614656 0.531374 0.608320 0.532686 0.601983 0.531374 0.596612 0.527639 0.593023 0.522049 0.591762 0.515455 0.593023 0.508860 0.596612 0.503270 0.601983 0.499535 0.608320 0.498223 0.614656 0.499535 0.620028 0.503270 0.623617 0.508860
0 0.595205 0.494752 0.593988 0.500477 0.590523 0.505329 0.585338 0.508572 0.579221 0.509711 0.573105 0.508572 0.567919 0.505329 0.564454 0.500477 0.563238 0.494752 0.564454 0.489028 0.567919 0.484175 0.573105 0.480932 0.579221 0.479793 0.585338 0.480932 0.590523 0.484175 0.593988 0.489028
0 0.554139 0.494752 0.552966 0.503987 0.549626 0.511816 0.544627 0.517047 0.538730 0.518884 0.532832 0.517047 0.527833 0.511816 0.524493 0.503987 0.523320 0.494752 0.524493 0.485517 0.527833 0.477688 0.532832 0.472457 0.538730 0.470620 0.544627 0.472457 0.549626 0.477688 0.552966 0.485517
0 0.546148 0.526983 0.544672 0.534463 0.540470 0.540804 0.534181 0.545041 0.526762 0.546529 0.519344 0.545041 0.513055 0.540804 0.508853 0.534463 0.507377 0.526983 0.508853 0.519504 0.513055 0.513163 0.519344 0.508926 0.526762 0.507438 0.534181 0.508926 0.540470 0.513163 0.544672 0.519504
0 0.513074 0.547645 0.512032 0.552484 0.509064 0.556586 0.504624 0.559327 0.499385 0.560289 0.494147 0.559327 0.489706 0.556586 0.486739 0.552484 0.485697 0.547645 0.486739 0.542806 0.489706 0.538704 0.494147 0.535963 0.499385 0.535000 0.504624 0.535963 0.509064 0.538704 0.512032 0.542806
0 0.527869 0.572397 0.527002 0.581410 0.524532 0.589052 0.520835 0.594157 0.516475 0.595950 0.512115 0.594157 0.508419 0.589052 0.505949 0.581410 0.505082 0.572397 0.505949 0.563383 0.508419 0.555742 0.512115 0.550636 0.516475 0.548843 0.520835 0.550636 0.524532 0.555742 0.527002 0.563383
0 0.525615 0.610909 0.524573 0.617076 0.521605 0.622305 0.517165 0.625798 0.511926 0.627025 0.506688 0.625798 0.502247 0.622305 0.499280 0.617076 0.498238 0.610909 0.499280 0.604742 0.502247 0.599514 0.506688 0.596020 0.511926 0.594793 0.517165 0.596020 0.521605 0.599514 0.524573 0.604742
0 0.571230 0.533306 0.570231 0.538809 0.567388 0.543474 0.563134 0.546591 0.558115 0.547686 0.553096 0.546591 0.548841 0.543474 0.545998 0.538809 0.545000 0.533306 0.545998 0.527803 0.548841 0.523137 0.553096 0.520020 0.558115 0.518926 0.563134 0.520020 0.567388 0.523137 0.570231 0.527803
0 0.582623 0.563760 0.581756 0.571240 0.579286 0.577581 0.575590 0.581818 0.571230 0.583306 0.566869 0.581818 0.563173 0.577581 0.560703 0.571240 0.559836 0.563760 0.560703 0.556281 0.563173 0.549940 0.566869 0.545703 0.571230 0.544215 0.575590 0.545703 0.579286 0.549940 0.581756 0.556281
0 0.528730 0.682190 0.527232 0.686997 0.522968 0.691073 0.516586 0.693796 0.509057 0.694752 0.501529 0.693796 0.495147 0.691073 0.490883 0.686997 0.489385 0.682190 0.490883 0.677383 0.495147 0.673307 0.501529 0.670584 0.509057 0.669628 0.516586 0.670584 0.522968 0.673307 0.527232 0.677383
0 0.493320 0.688140 0.491922 0.693201 0.487942 0.697491 0.481985 0.700357 0.474959 0.701364 0.467933 0.700357 0.461976 0.697491 0.457996 0.693201 0.456598 0.688140 0.457996 0.683080 0.461976 0.678790 0.467933 0.675924 0.474959 0.674917 0.481985 0.675924 0.487942 0.678790 0.491922 0.683080
0 0.468443 0.672273 0.467344 0.678345 0.464217 0.683493 0.459537 0.686933 0.454016 0.688140 0.448496 0.686933 0.443816 0.683493 0.440688 0.678345 0.439590 0.672273 0.440688 0.666200 0.443816 0.661053 0.448496 0.657613 0.454016 0.656405 0.459537 0.657613 0.464217 0.661053 0.467344 0.666200
0 0.456639 0.707934 0.455441 0.715018 0.452030 0.721024 0.446924 0.725037 0.440902 0.726446 0.434879 0.725037 0.429773 0.721024 0.426362 0.715018 0.425164 0.707934 0.426362 0.700849 0.429773 0.694844 0.434879 0.690831 0.440902 0.689421 0.446924 0.690831 0.452030 0.694844 0.455441 0.700849
0 0.423852 0.718512 0.422605 0.724585 0.419051 0.729733 0.413733 0.733172 0.407459 0.734380 0.401186 0.733172 0.395867 0.729733 0.392313 0.724585 0.391066 0.718512 0.392313 0.712440 0.395867 0.707292 0.401186 0.703852 0.407459 0.702645 0.413733 0.703852 0.419051 0.707292 0.422605 0.712440
0 0.434344 0.733719 0.433396 0.739538 0.430695 0.744472 0.426653 0.747768 0.421885 0.748926 0.417117 0.747768 0.413075 0.744472 0.410375 0.739538 0.409426 0.733719 0.410375 0.727900 0.413075 0.722966 0.417117 0.719670 0.421885 0.718512 0.426653 0.719670 0.430695 0.722966 0.433396 0.727900
0 0.419918 0.748926 0.418820 0.756010 0.415693 0.762016 0.411012 0.766029 0.405492 0.767438 0.399971 0.766029 0.395291 0.762016 0.392164 0.756010 0.391066 0.748926 0.392164 0.741841 0.395291 0.735835 0.399971 0.731822 0.405492 0.730413 0.411012 0.731822 0.415693 0.735835 0.418820 0.741841
0 0.457951 0.776653 0.456553 0.782219 0.452573 0.786938 0.446616 0.790091 0.439590 0.791198 0.432564 0.790091 0.426607 0.786938 0.422627 0.782219 0.421230 0.776653 0.422627 0.771087 0.426607 0.766368 0.432564 0.763215 0.439590 0.762107 0.446616 0.763215 0.452573 0.766368 0.456553 0.771087
0 0.419918 0.775992 0.418820 0.782317 0.415693 0.787679 0.411012 0.791262 0.405492 0.792521 0.399971 0.791262 0.395291 0.787679 0.392164 0.782317 0.391066 0.775992 0.392164 0.769666 0.395291 0.764304 0.399971 0.760721 0.405492 0.759463 0.411012 0.760721 0.415693 0.764304 0.418820 0.769666
0 0.393730 0.747603 0.392731 0.756206 0.389888 0.763499 0.385634 0.768372 0.380615 0.770083 0.375596 0.768372 0.371341 0.763499 0.368498 0.756206 0.367500 0.747603 0.368498 0.739001 0.371341 0.731708 0.375596 0.726835 0.380615 0.725124 0.385634 0.726835 0.389888 0.731708 0.392731 0.739001
0 0.377992 0.775992 0.376095 0.782317 0.370693 0.787679 0.362609 0.791262 0.353074 0.792521 0.343538 0.791262 0.335454 0.787679 0.330053 0.782317 0.328156 0.775992 0.330053 0.769666 0.335454 0.764304 0.343538 0.760721 0.353074 0.759463 0.362609 0.760721 0.370693 0.764304 0.376095 0.769666
0 0.333443 0.793843 0.332494 0.798903 0.329793 0.803193 0.325751 0.806060 0.320984 0.807066 0.316216 0.806060 0.312174 0.803193 0.309473 0.798903 0.308525 0.793843 0.309473 0.788783 0.312174 0.784493 0.316216 0.781626 0.320984 0.780620 0.325751 0.781626 0.329793 0.784493 0.332494 0.788783
0 0.326885 0.773347 0.325288 0.778660 0.320739 0.783165 0.313932 0.786175 0.305902 0.787231 0.297872 0.786175 0.291064 0.783165 0.286515 0.778660 0.284918 0.773347 0.286515 0.768034 0.291064 0.763529 0.297872 0.760520 0.305902 0.759463 0.313932 0.760520 0.320739 0.763529 0.325288 0.768034
0 0.294098 0.754876 0.292950 0.760189 0.289681 0.764694 0.284788 0.767703 0.279016 0.768760 0.273245 0.767703 0.268352 0.764694 0.265082 0.760189 0.263934 0.754876 0.265082 0.749563 0.268352 0.745058 0.273245 0.742049 0.279016 0.740992 0.284788 0.742049 0.289681 0.745058 0.292950 0.749563
6 0.093238 0.994669 0.209344 0.879628 0.201352 0.695950 0.073238 0.627314 0.000000 0.629050 0.000000 1.000000 0.056270 1.000000
6 0.843525 1.000000 0.890615 0.915537 1.000000 0.877190 1.000000 1.000000
6 1.000000 0.746818 0.905369 0.665455 0.869959 0.555289 0.899467 0.457025 0.993975 0.367686 1.000000 0.367686
6 0.031270 0.334917 0.116926 0.343884 0.167131 0.266446 0.140533 0.200950 0.034221 0.236694
6 0.187787 0.421281 0.217336 0.501694 0.394508 0.635661 0.592377 0.531446 0.654385 0.352810 0.577582 0.215826 0.527377 0.111612 0.412213 0.084835 0.297049 0.165207 0.223238 0.266446