5 0.866254 0.274057 0.818137 0.276346 0.768014 0.261883 0.761248 0.285720 0.815181 0.300654 0.867107 0.298836
5 0.675113 0.000000 0.615400 0.067503 0.634600 0.082993 0.694313 0.007745
5 0.000000 0.093714 0.051952 0.114995 0.060589 0.091781 0.004318 0.070500
2 0.826434 0.724215 0.825449 0.730999 0.822641 0.736750 0.818440 0.740593 0.813484 0.741942 0.808528 0.740593 0.804326 0.736750 0.801519 0.730999 0.800533 0.724215 0.801519 0.717431 0.804326 0.711680 0.808528 0.707837 0.813484 0.706488 0.818440 0.707837 0.822641 0.711680 0.825449 0.717431
5 0.243032 0.418016 0.270110 0.385960 0.279372 0.341167 0.255300 0.336106 0.249058 0.375000 0.225001 0.401157
2 0.783852 0.680331 0.782442 0.688190 0.778427 0.694853 0.772417 0.699304 0.765328 0.700868 0.758239 0.699304 0.752229 0.694853 0.748213 0.688190 0.746803 0.680331 0.748213 0.672471 0.752229 0.665809 0.758239 0.661357 0.765328 0.659793 0.772417 0.661357 0.778427 0.665809 0.782442 0.672471
2 0.789426 0.764380 0.787876 0.771528 0.783460 0.777587 0.776852 0.781636 0.769057 0.783058 0.761263 0.781636 0.754654 0.777587 0.750239 0.771528 0.748689 0.764380 0.750239 0.757233 0.754654 0.751173 0.761263 0.747124 0.769057 0.745702 0.776852 0.747124 0.783460 0.751173 0.787876 0.757233
2 0.778279 0.808223 0.777152 0.815007 0.773945 0.820758 0.769145 0.824601 0.763484 0.825950 0.757822 0.824601 0.753022 0.820758 0.749815 0.815007 0.748689 0.808223 0.749815 0.801439 0.753022 0.795688 0.757822 0.791845 0.763484 0.790496 0.769145 0.791845 0.773945 0.795688 0.777152 0.801439
2 0.744959 0.775579 0.743833 0.781287 0.740626 0.786127 0.735826 0.789360 0.730164 0.790496 0.724502 0.789360 0.719702 0.786127 0.716495 0.781287 0.715369 0.775579 0.716495 0.769870 0.719702 0.765030 0.724502 0.761797 0.730164 0.760661 0.735826 0.761797 0.740626 0.765030 0.743833 0.769870
2 0.959754 0.718636 0.958484 0.725420 0.954869 0.731171 0.949457 0.735014 0.943074 0.736364 0.936690 0.735014 0.931279 0.731171 0.927663 0.725420 0.926393 0.718636 0.927663 0.711852 0.931279 0.706101 0.936690 0.702258 0.943074 0.700909 0.949457 0.702258 0.954869 0.706101 0.958484 0.711852
2 0.948648 0.561818 0.947237 0.568602 0.943222 0.574353 0.937212 0.578196 0.930123 0.579545 0.923034 0.578196 0.917024 0.574353 0.913008 0.568602 0.911598 0.561818 0.913008 0.555034 0.917024 0.549283 0.923034 0.545440 0.930123 0.544091 0.937212 0.545440 0.943222 0.549283 0.947237 0.555034
2 0.967131 0.462851 0.966145 0.468212 0.963338 0.472757 0.959136 0.475793 0.954180 0.476860 0.949224 0.475793 0.945023 0.472757 0.942215 0.468212 0.941230 0.462851 0.942215 0.457491 0.945023 0.452946 0.949224 0.449909 0.954180 0.448843 0.959136 0.449909 0.963338 0.452946 0.966145 0.457491
2 0.859795 0.519793 0.858525 0.526229 0.854910 0.531686 0.849498 0.535331 0.843115 0.536612 0.836731 0.535331 0.831320 0.531686 0.827704 0.526229 0.826434 0.519793 0.827704 0.513357 0.831320 0.507901 0.836731 0.504255 0.843115 0.502975 0.849498 0.504255 0.854910 0.507901 0.858525 0.513357
2 0.870861 0.485248 0.869382 0.492032 0.865171 0.497783 0.858869 0.501626 0.851434 0.502975 0.844000 0.501626 0.837698 0.497783 0.833487 0.492032 0.832008 0.485248 0.833487 0.478464 0.837698 0.472713 0.844000 0.468870 0.851434 0.467521 0.858869 0.468870 0.865171 0.472713 0.869382 0.478464
2 0.904221 0.287355 0.902811 0.293428 0.898796 0.298576 0.892786 0.302015 0.885697 0.303223 0.878608 0.302015 0.872598 0.298576 0.868582 0.293428 0.867172 0.287355 0.868582 0.281283 0.872598 0.276135 0.878608 0.272695 0.885697 0.271488 0.892786 0.272695 0.898796 0.276135 0.902811 0.281283
2 0.769016 0.270579 0.767678 0.277362 0.763867 0.283114 0.758163 0.286956 0.751434 0.288306 0.744706 0.286956 0.739002 0.283114 0.735191 0.277362 0.733852 0.270579 0.735191 0.263795 0.739002 0.258043 0.744706 0.254201 0.751434 0.252851 0.758163 0.254201 0.763867 0.258043 0.767678 0.263795
2 0.631230 0.085041 0.629851 0.092489 0.625924 0.098804 0.620047 0.103023 0.613115 0.104504 0.606183 0.103023 0.600306 0.098804 0.596379 0.092489 0.595000 0.085041 0.596379 0.077593 0.600306 0.071279 0.606183 0.067060 0.613115 0.065579 0.620047 0.067060 0.625924 0.071279 0.629851 0.077593
2 0.092377 0.108636 0.090973 0.115499 0.086975 0.121318 0.080992 0.125205 0.073934 0.126570 0.066877 0.125205 0.060894 0.121318 0.056896 0.115499 0.055492 0.108636 0.056896 0.101773 0.060894 0.095955 0.066877 0.092068 0.073934 0.090702 0.080992 0.092068 0.086975 0.095955 0.090973 0.101773
2 0.384754 0.546157 0.383400 0.553779 0.379544 0.560241 0.373774 0.564558 0.366967 0.566074 0.360160 0.564558 0.354390 0.560241 0.350534 0.553779 0.349180 0.546157 0.350534 0.538535 0.354390 0.532073 0.360160 0.527756 0.366967 0.526240 0.373774 0.527756 0.379544 0.532073 0.383400 0.538535
2 0.322869 0.619174 0.321515 0.627302 0.317659 0.634192 0.311889 0.638796 0.305082 0.640413 0.298275 0.638796 0.292505 0.634192 0.288649 0.627302 0.287295 0.619174 0.288649 0.611045 0.292505 0.604155 0.298275 0.599551 0.305082 0.597934 0.311889 0.599551 0.317659 0.604155 0.321515 0.611045
2 0.283320 0.300496 0.282268 0.306600 0.279274 0.311775 0.274794 0.315232 0.269508 0.316446 0.264223 0.315232 0.259742 0.311775 0.256748 0.306600 0.255697 0.300496 0.256748 0.294392 0.259742 0.289217 0.264223 0.285760 0.269508 0.284545 0.274794 0.285760 0.279274 0.289217 0.282268 0.294392
2 0.283361 0.331694 0.282409 0.337023 0.279699 0.341541 0.275644 0.344560 0.270861 0.345620 0.266077 0.344560 0.262022 0.341541 0.259312 0.337023 0.258361 0.331694 0.259312 0.326365 0.262022 0.321847 0.266077 0.318829 0.270861 0.317769 0.275644 0.318829 0.279699 0.321847 0.282409 0.326365
2 0.289959 0.406736 0.288605 0.412318 0.284749 0.417050 0.278979 0.420212 0.272172 0.421322 0.265365 0.420212 0.259595 0.417050 0.255739 0.412318 0.254385 0.406736 0.255739 0.401153 0.259595 0.396421 0.265365 0.393259 0.272172 0.392149 0.278979 0.393259 0.284749 0.396421 0.288605 0.401153
2 0.237254 0.423347 0.235850 0.429704 0.231852 0.435093 0.225869 0.438694 0.218811 0.439959 0.211754 0.438694 0.205771 0.435093 0.201773 0.429704 0.200369 0.423347 0.201773 0.416990 0.205771 0.411601 0.211754 0.408000 0.218811 0.406736 0.225869 0.408000 0.231852 0.411601 0.235850 0.416990
5 0.322026 0.609054 0.334921 0.587163 0.360003 0.569146 0.345735 0.548953 0.317441 0.570368 0.301335 0.595657
5 0.743146 0.784289 0.799053 0.772897 0.820528 0.747608 0.801849 0.731483 0.787920 0.752571 0.739559 0.759761
5 0.776905 0.790810 0.782274 0.698744 0.757726 0.697289 0.752357 0.789355
5 0.945562 0.585723 0.992078 0.578492 0.988331 0.553988 0.941815 0.561219
5 0.933167 0.576543 0.927798 0.704725 0.952366 0.705771 0.957735 0.577589
5 0.871467 0.489836 0.943066 0.471778 0.937098 0.447726 0.865500 0.465784