5 0.786480 0.406582 0.717013 0.449558 0.729873 0.470690 0.799340 0.427715
5 0.177754 0.241571 0.204999 0.279285 0.215785 0.324438 0.217178 0.369273 0.241756 0.368496 0.240042 0.321211 0.227041 0.269339 0.197901 0.227355
5 0.191563 0.196653 0.212383 0.227438 0.232699 0.213471 0.211880 0.182685
5 0.201431 0.216856 0.253701 0.179363 0.274562 0.112131 0.251094 0.104728 0.235290 0.165252 0.188077 0.196037
5 0.162038 0.196413 0.191228 0.148564 0.212321 0.134339 0.240067 0.086735 0.218867 0.074174 0.195534 0.117345 0.174724 0.131107 0.141405 0.182926
5 0.139753 0.169312 0.120326 0.160511 0.110247 0.183126 0.129674 0.191927
5 0.003485 0.848259 0.004386 0.918961 0.028974 0.918642 0.028073 0.847940
5 0.032464 0.815561 0.056373 0.779395 0.050143 0.731048 0.025758 0.734242 0.034585 0.773240 0.013274 0.800058
5 0.039309 0.793242 0.090784 0.815638 0.100527 0.792874 0.049052 0.770477
2 0.889795 0.990661 0.888145 0.997730 0.883445 1.000000 0.876411 1.000000 0.868115 1.000000 0.859818 1.000000 0.852784 1.000000 0.848085 0.997730 0.846434 0.990661 0.848085 0.983593 0.852784 0.977600 0.859818 0.973596 0.868115 0.972190 0.876411 0.973596 0.883445 0.977600 0.888145 0.983593
2 0.905451 0.962438 0.904084 0.969538 0.900193 0.975557 0.894369 0.979579 0.887500 0.980992 0.880631 0.979579 0.874807 0.975557 0.870916 0.969538 0.869549 0.962438 0.870916 0.955338 0.874807 0.949319 0.880631 0.945297 0.887500 0.943884 0.894369 0.945297 0.900193 0.949319 0.904084 0.955338
2 0.918648 0.942934 0.917606 0.948769 0.914638 0.953716 0.910197 0.957021 0.904959 0.958182 0.899721 0.957021 0.895280 0.953716 0.892312 0.948769 0.891270 0.942934 0.892312 0.937099 0.895280 0.932152 0.899721 0.928847 0.904959 0.927686 0.910197 0.928847 0.914638 0.932152 0.917606 0.937099
2 0.060738 0.846074 0.059471 0.852352 0.055864 0.857674 0.050466 0.861231 0.044098 0.862479 0.037731 0.861231 0.032333 0.857674 0.028726 0.852352 0.027459 0.846074 0.028726 0.839796 0.032333 0.834474 0.037731 0.830918 0.044098 0.829669 0.050466 0.830918 0.055864 0.834474 0.059471 0.839796
2 0.036762 0.824628 0.035231 0.832551 0.030868 0.839267 0.024340 0.843755 0.016639 0.845331 0.008939 0.843755 0.002410 0.839267 0.000000 0.832551 0.000000 0.824628 0.000000 0.816706 0.002410 0.809989 0.008939 0.805502 0.016639 0.803926 0.024340 0.805502 0.030868 0.809989 0.035231 0.816706
2 0.997131 0.356736 0.995846 0.363251 0.992186 0.368774 0.986708 0.372464 0.980246 0.373760 0.973784 0.372464 0.968306 0.368774 0.964646 0.363251 0.963361 0.356736 0.964646 0.350220 0.968306 0.344697 0.973784 0.341007 0.980246 0.339711 0.986708 0.341007 0.992186 0.344697 0.995846 0.350220
2 0.829549 0.408223 0.828021 0.415149 0.823667 0.421021 0.817152 0.424945 0.809467 0.426322 0.801782 0.424945 0.795267 0.421021 0.790914 0.415149 0.789385 0.408223 0.790914 0.401297 0.795267 0.395425 0.801782 0.391502 0.809467 0.390124 0.817152 0.391502 0.823667 0.395425 0.828021 0.401297
2 0.864754 0.409298 0.863307 0.414737 0.859184 0.419349 0.853015 0.422430 0.845738 0.423512 0.838460 0.422430 0.832291 0.419349 0.828169 0.414737 0.826721 0.409298 0.828169 0.403858 0.832291 0.399246 0.838460 0.396165 0.845738 0.395083 0.853015 0.396165 0.859184 0.399246 0.863307 0.403858
2 0.179877 0.251240 0.178688 0.257818 0.175304 0.263395 0.170238 0.267121 0.164262 0.268430 0.158287 0.267121 0.153221 0.263395 0.149836 0.257818 0.148648 0.251240 0.149836 0.244661 0.153221 0.239084 0.158287 0.235358 0.164262 0.234050 0.170238 0.235358 0.175304 0.239084 0.178688 0.244661
2 0.194795 0.217273 0.193201 0.225353 0.188661 0.232204 0.181867 0.236781 0.173852 0.238388 0.165838 0.236781 0.159044 0.232204 0.154504 0.225353 0.152910 0.217273 0.154504 0.209192 0.159044 0.202342 0.165838 0.197764 0.173852 0.196157 0.181867 0.197764 0.188661 0.202342 0.193201 0.209192
2 0.208934 0.181157 0.207478 0.188542 0.203329 0.194802 0.197119 0.198986 0.189795 0.200455 0.182471 0.198986 0.176262 0.194802 0.172113 0.188542 0.170656 0.181157 0.172113 0.173772 0.176262 0.167512 0.182471 0.163328 0.189795 0.161860 0.197119 0.163328 0.203329 0.167512 0.207478 0.173772
2 0.159262 0.205124 0.157481 0.212651 0.152408 0.219032 0.144816 0.223296 0.135861 0.224793 0.126905 0.223296 0.119313 0.219032 0.114240 0.212651 0.112459 0.205124 0.114240 0.197597 0.119313 0.191216 0.126905 0.186952 0.135861 0.185455 0.144816 0.186952 0.152408 0.191216 0.157481 0.197597
2 0.116025 0.208347 0.115051 0.212727 0.112279 0.216441 0.108131 0.218922 0.103238 0.219793 0.098344 0.218922 0.094196 0.216441 0.091424 0.212727 0.090451 0.208347 0.091424 0.203967 0.094196 0.200253 0.098344 0.197772 0.103238 0.196901 0.108131 0.197772 0.112279 0.200253 0.115051 0.203967