5 0.152242 0.165307 0.142961 0.158262 0.151046 0.144263 0.167071 0.133850 0.153749 0.113010 0.134170 0.126944 0.121487 0.156345 0.129725 0.175271
5 0.199920 0.188334 0.222841 0.168148 0.230730 0.145896 0.235115 0.115855 0.210787 0.112244 0.207036 0.139786 0.203810 0.154021 0.184916 0.168690
5 0.152085 0.224446 0.181142 0.291843 0.203694 0.281959 0.174636 0.214562
5 0.013611 0.797847 0.023163 0.774750 0.027426 0.735866 0.002984 0.733142 0.000000 0.768351 0.000000 0.787773
2 0.146107 0.234876 0.144887 0.240806 0.141413 0.245833 0.136214 0.249192 0.130082 0.250372 0.123950 0.249192 0.118751 0.245833 0.115277 0.240806 0.114057 0.234876 0.115277 0.228946 0.118751 0.223919 0.123950 0.220560 0.130082 0.219380 0.136214 0.220560 0.141413 0.223919 0.144887 0.228946
2 0.167500 0.201860 0.166024 0.209592 0.161822 0.216148 0.155533 0.220528 0.148115 0.222066 0.140696 0.220528 0.134407 0.216148 0.130205 0.209592 0.128730 0.201860 0.130205 0.194127 0.134407 0.187571 0.140696 0.183191 0.148115 0.181653 0.155533 0.183191 0.161822 0.187571 0.166024 0.194127
2 0.190205 0.172893 0.188782 0.180372 0.184731 0.186713 0.178668 0.190950 0.171516 0.192438 0.164365 0.190950 0.158302 0.186713 0.154250 0.180372 0.152828 0.172893 0.154250 0.165413 0.158302 0.159072 0.164365 0.154835 0.171516 0.153347 0.178668 0.154835 0.184731 0.159072 0.188782 0.165413
2 0.135451 0.189752 0.133975 0.196457 0.129773 0.202141 0.123484 0.205939 0.116066 0.207273 0.108647 0.205939 0.102358 0.202141 0.098156 0.196457 0.096680 0.189752 0.098156 0.183047 0.102358 0.177363 0.108647 0.173565 0.116066 0.172231 0.123484 0.173565 0.129773 0.177363 0.133975 0.183047
2 0.095328 0.191116 0.094108 0.197299 0.090634 0.202540 0.085436 0.206043 0.079303 0.207273 0.073171 0.206043 0.067972 0.202540 0.064498 0.197299 0.063279 0.191116 0.064498 0.184933 0.067972 0.179691 0.073171 0.176189 0.079303 0.174959 0.085436 0.176189 0.090634 0.179691 0.094108 0.184933
2 0.038770 0.841777 0.037470 0.847580 0.033765 0.852500 0.028220 0.855788 0.021680 0.856942 0.015140 0.855788 0.009596 0.852500 0.005891 0.847580 0.004590 0.841777 0.005891 0.835973 0.009596 0.831053 0.015140 0.827766 0.021680 0.826612 0.028220 0.827766 0.033765 0.831053 0.037470 0.835973
2 0.863566 0.995289 0.862059 1.000000 0.857768 1.000000 0.851346 1.000000 0.843770 1.000000 0.836195 1.000000 0.829773 1.000000 0.825482 1.000000 0.823975 0.995289 0.825482 0.987114 0.829773 0.980183 0.836195 0.975552 0.843770 0.973926 0.851346 0.975552 0.857768 0.980183 0.862059 0.987114
2 0.882705 0.962934 0.881457 0.970319 0.877903 0.976579 0.872585 0.980762 0.866311 0.982231 0.860038 0.980762 0.854720 0.976579 0.851166 0.970319 0.849918 0.962934 0.851166 0.955549 0.854720 0.949288 0.860038 0.945105 0.866311 0.943636 0.872585 0.945105 0.877903 0.949288 0.881457 0.955549
2 0.899098 0.941570 0.898109 0.947105 0.895293 0.951797 0.891078 0.954932 0.886107 0.956033 0.881135 0.954932 0.876920 0.951797 0.874104 0.947105 0.873115 0.941570 0.874104 0.936036 0.876920 0.931343 0.881135 0.928208 0.886107 0.927107 0.891078 0.928208 0.895293 0.931343 0.898109 0.936036
2 0.841721 0.408719 0.840526 0.414254 0.837124 0.418946 0.832031 0.422081 0.826025 0.423182 0.820018 0.422081 0.814925 0.418946 0.811523 0.414254 0.810328 0.408719 0.811523 0.403184 0.814925 0.398492 0.820018 0.395357 0.826025 0.394256 0.832031 0.395357 0.837124 0.398492 0.840526 0.403184
2 0.811680 0.409421 0.810330 0.415747 0.806483 0.421109 0.800725 0.424692 0.793934 0.425950 0.787143 0.424692 0.781386 0.421109 0.777539 0.415747 0.776189 0.409421 0.777539 0.403096 0.781386 0.397734 0.787143 0.394151 0.793934 0.392893 0.800725 0.394151 0.806483 0.397734 0.810330 0.403096
2 0.983730 0.330248 0.982379 0.336842 0.978532 0.342432 0.972775 0.346168 0.965984 0.347479 0.959193 0.346168 0.953435 0.342432 0.949589 0.336842 0.948238 0.330248 0.949589 0.323654 0.953435 0.318063 0.959193 0.314328 0.965984 0.313017 0.972775 0.314328 0.978532 0.318063 0.982379 0.323654