5 0.989143 0.455671 0.951860 0.527457 0.924436 0.660756 0.896199 0.724268 0.918637 0.734410 0.947689 0.668370 0.974751 0.535817 1.000000 0.467305
5 0.797178 0.426930 0.860639 0.462198 0.894490 0.479256 0.972687 0.527437 0.985510 0.506282 0.906411 0.457595 0.872084 0.440260 0.809051 0.405218
5 0.767499 0.406158 0.693912 0.464075 0.628748 0.628372 0.651580 0.637578 0.712706 0.478594 0.782255 0.425991
5 0.954789 0.360766 0.931568 0.271696 0.979355 0.145539 0.956383 0.136693 0.908121 0.270143 0.930867 0.366507
5 0.744028 0.000009 0.734930 0.098645 0.759414 0.100941 0.768513 0.002305
5 0.083685 0.404519 0.152377 0.437517 0.245309 0.434771 0.297596 0.448719 0.407678 0.432892 0.404207 0.408347 0.299240 0.424527 0.248402 0.410458 0.157586 0.414035 0.094676 0.382340
5 0.049331 0.408684 0.062694 0.434337 0.108724 0.477537 0.161306 0.480925 0.162874 0.456182 0.118331 0.456531 0.082513 0.420159 0.071325 0.397597
5 0.047273 0.250315 0.095717 0.300593 0.137812 0.325600 0.183631 0.358038 0.197762 0.337747 0.151127 0.304779 0.110842 0.281338 0.065022 0.233156
5 0.094583 0.354879 0.153107 0.268392 0.132794 0.254418 0.074270 0.340906
5 0.159371 0.215470 0.187983 0.168031 0.255343 0.141014 0.294307 0.140379 0.339143 0.107321 0.324628 0.087307 0.287730 0.117994 0.251648 0.117051 0.173375 0.149572 0.138908 0.201720
5 0.097206 0.203319 0.138858 0.175625 0.192300 0.121741 0.174913 0.104209 0.123450 0.156474 0.083778 0.182549
5 0.078536 0.150371 0.065011 0.074421 0.040808 0.078802 0.054333 0.154753
5 0.000000 0.789855 0.028695 0.792231 0.063315 0.827537 0.131568 0.831147 0.158536 0.843337 0.168595 0.820713 0.137382 0.807463 0.073477 0.807149 0.040197 0.772004 0.003025 0.765434
5 0.000000 0.870784 0.030090 0.890090 0.085869 0.901330 0.090688 0.877017 0.038776 0.867274 0.009022 0.849464
5 0.013973 0.765628 0.028809 0.675670 0.004552 0.671603 0.000000 0.761562
2 0.058770 0.396157 0.056999 0.402720 0.051952 0.408283 0.044400 0.412000 0.035492 0.413306 0.026583 0.412000 0.019031 0.408283 0.013985 0.402720 0.012213 0.396157 0.013985 0.389594 0.019031 0.384031 0.026583 0.380314 0.035492 0.379008 0.044400 0.380314 0.051952 0.384031 0.056999 0.389594
2 0.092172 0.370744 0.090544 0.379251 0.085906 0.386464 0.078966 0.391283 0.070779 0.392975 0.062592 0.391283 0.055651 0.386464 0.051014 0.379251 0.049385 0.370744 0.051014 0.362236 0.055651 0.355024 0.062592 0.350205 0.070779 0.348512 0.078966 0.350205 0.085906 0.355024 0.090544 0.362236
2 0.114180 0.362521 0.112982 0.369320 0.109571 0.375085 0.104465 0.378937 0.098443 0.380289 0.092420 0.378937 0.087314 0.375085 0.083903 0.369320 0.082705 0.362521 0.083903 0.355721 0.087314 0.349956 0.092420 0.346105 0.098443 0.344752 0.104465 0.346105 0.109571 0.349956 0.112982 0.355721
2 0.164385 0.223430 0.163172 0.230656 0.159716 0.236783 0.154544 0.240877 0.148443 0.242314 0.142342 0.240877 0.137169 0.236783 0.133714 0.230656 0.132500 0.223430 0.133714 0.216203 0.137169 0.210077 0.142342 0.205983 0.148443 0.204545 0.154544 0.205983 0.159716 0.210077 0.163172 0.216203
2 0.100656 0.219174 0.099299 0.227317 0.095434 0.234221 0.089650 0.238835 0.082828 0.240455 0.076005 0.238835 0.070222 0.234221 0.066357 0.227317 0.065000 0.219174 0.066357 0.211030 0.070222 0.204126 0.076005 0.199512 0.082828 0.197893 0.089650 0.199512 0.095434 0.204126 0.099299 0.211030
2 0.067828 0.219628 0.066580 0.227582 0.063026 0.234325 0.057708 0.238831 0.051434 0.240413 0.045161 0.238831 0.039843 0.234325 0.036289 0.227582 0.035041 0.219628 0.036289 0.211674 0.039843 0.204931 0.045161 0.200425 0.051434 0.198843 0.057708 0.200425 0.063026 0.204931 0.066580 0.211674
2 0.087500 0.181364 0.086324 0.188780 0.082975 0.195067 0.077962 0.199269 0.072049 0.200744 0.066136 0.199269 0.061124 0.195067 0.057774 0.188780 0.056598 0.181364 0.057774 0.173947 0.061124 0.167660 0.066136 0.163459 0.072049 0.161983 0.077962 0.163459 0.082975 0.167660 0.086324 0.173947
2 0.807828 0.405124 0.806511 0.411133 0.802762 0.416227 0.797151 0.419631 0.790533 0.420826 0.783914 0.419631 0.778303 0.416227 0.774554 0.411133 0.773238 0.405124 0.774554 0.399115 0.778303 0.394021 0.783914 0.390617 0.790533 0.389421 0.797151 0.390617 0.802762 0.394021 0.806511 0.399115
2 0.837828 0.395248 0.836424 0.401036 0.832426 0.405942 0.826443 0.409221 0.819385 0.410372 0.812328 0.409221 0.806344 0.405942 0.802346 0.401036 0.800943 0.395248 0.802346 0.389460 0.806344 0.384554 0.812328 0.381275 0.819385 0.380124 0.826443 0.381275 0.832426 0.384554 0.836424 0.389460
2 0.963525 0.387686 0.962033 0.394581 0.957787 0.400426 0.951431 0.404331 0.943934 0.405702 0.936438 0.404331 0.930082 0.400426 0.925835 0.394581 0.924344 0.387686 0.925835 0.380791 0.930082 0.374946 0.936438 0.371041 0.943934 0.369669 0.951431 0.371041 0.957787 0.374946 0.962033 0.380791
2 0.997008 0.385950 0.995561 0.392624 0.991438 0.398281 0.985269 0.402061 0.977992 0.403388 0.970715 0.402061 0.964545 0.398281 0.960423 0.392624 0.958975 0.385950 0.960423 0.379277 0.964545 0.373620 0.970715 0.369840 0.977992 0.368512 0.985269 0.369840 0.991438 0.373620 0.995561 0.379277
2 0.861189 0.968182 0.859544 0.975883 0.854863 0.982412 0.847855 0.986774 0.839590 0.988306 0.831325 0.986774 0.824318 0.982412 0.819636 0.975883 0.817992 0.968182 0.819636 0.960481 0.824318 0.953952 0.831325 0.949590 0.839590 0.948058 0.847855 0.949590 0.854863 0.953952 0.859544 0.960481
2 0.878484 0.951322 0.877251 0.957996 0.873742 0.963653 0.868490 0.967433 0.862295 0.968760 0.856100 0.967433 0.850848 0.963653 0.847339 0.957996 0.846107 0.951322 0.847339 0.944649 0.850848 0.938992 0.856100 0.935212 0.862295 0.933884 0.868490 0.935212 0.873742 0.938992 0.877251 0.944649
2 0.904385 0.940413 0.903194 0.947086 0.899800 0.952744 0.894721 0.956524 0.888730 0.957851 0.882738 0.956524 0.877659 0.952744 0.874265 0.947086 0.873074 0.940413 0.874265 0.933740 0.877659 0.928083 0.882738 0.924303 0.888730 0.922975 0.894721 0.924303 0.899800 0.928083 0.903194 0.933740