5 0.927005 0.111726 0.917089 0.063685 0.894097 0.038189 0.875903 0.054869 0.895863 0.074059 0.902749 0.115794
5 0.416574 0.184933 0.437271 0.027288 0.412893 0.024034 0.392196 0.181679
5 0.335481 0.131181 0.415973 0.038454 0.397469 0.022125 0.316978 0.114852
5 0.346547 0.564749 0.408637 0.525369 0.395544 0.504383 0.333453 0.543763
5 0.342035 0.504513 0.367065 0.580363 0.530344 0.705570 0.545230 0.685835 0.386285 0.566933 0.365588 0.497388
5 0.384683 0.414412 0.430666 0.439949 0.442530 0.418232 0.396547 0.392695
5 0.080799 0.980060 0.058649 0.972805 0.063240 0.914871 0.038728 0.912897 0.039570 0.982130 0.067152 1.000000
5 0.054151 0.685564 0.097839 0.660068 0.085521 0.638610 0.041833 0.664106
5 0.408633 0.464519 0.606975 0.431378 0.706329 0.469189 0.771428 0.477245 0.819907 0.499318 0.865773 0.491212 0.987659 0.551501 0.998489 0.529242 0.869601 0.467790 0.823818 0.475937 0.778548 0.453869 0.712328 0.445316 0.609441 0.407547 0.404809 0.440027
5 0.944547 0.530183 0.958359 0.574233 0.981805 0.566759 0.967994 0.522710
5 0.619869 0.425697 0.649746 0.370077 0.628123 0.358270 0.598246 0.413890
5 0.440471 0.446369 0.426659 0.585501 0.451127 0.587970 0.464939 0.448838
5 0.954038 0.406368 0.908054 0.276533 0.884896 0.284871 0.930880 0.414706
5 0.877855 0.486234 0.777639 0.559875 0.692908 0.714604 0.579180 0.897574 0.544672 0.988029 0.567623 0.996930 0.601067 0.908619 0.714082 0.727191 0.795546 0.575957 0.892145 0.506411
5 0.797914 0.548889 0.705947 0.481658 0.691512 0.501730 0.783480 0.568962
5 0.971478 0.888257 0.991478 0.744992 0.967128 0.741537 0.947128 0.884801
5 0.842696 0.898852 0.762495 0.881771 0.702454 0.942309 0.719841 0.959840 0.767714 0.902429 0.835747 0.922635
5 0.853026 0.918177 0.781018 0.960532 0.793409 0.981947 0.865417 0.939592
2 0.715656 0.730455 0.714757 0.736021 0.712199 0.740740 0.708369 0.743893 0.703852 0.745000 0.699336 0.743893 0.695506 0.740740 0.692948 0.736021 0.692049 0.730455 0.692948 0.724888 0.695506 0.720169 0.699336 0.717016 0.703852 0.715909 0.708369 0.717016 0.712199 0.720169 0.714757 0.724888
2 0.880861 0.915579 0.879912 0.920133 0.877211 0.923994 0.873169 0.926573 0.868402 0.927479 0.863634 0.926573 0.859592 0.923994 0.856891 0.920133 0.855943 0.915579 0.856891 0.911024 0.859592 0.907163 0.863634 0.904584 0.868402 0.903678 0.873169 0.904584 0.877211 0.907163 0.879912 0.911024
6 0.000000 0.939959 0.063238 0.906694 0.101393 0.862273 0.080861 0.797149 0.000000 0.744752
6 0.947131 0.945207 0.911885 0.957025 0.859057 0.921488 0.859057 0.862273 0.917787 0.829711 0.976516 0.853388 0.976516 0.909669
6 0.365697 0.561157 0.271721 0.575992 0.183648 0.540455 0.110205 0.487149 0.113156 0.422025 0.130779 0.356860 0.107295 0.276942 0.083770 0.196983 0.154262 0.158512 0.257049 0.105207 0.342213 0.131860 0.318730 0.196983 0.365697 0.250289 0.395041 0.270992 0.395041 0.356860 0.406803 0.430909 0.371557 0.478264
6 0.917787 0.498099 0.882541 0.506983 0.870779 0.456653 0.929508 0.397438 0.979426 0.370785 0.991189 0.450744