2 0.884221 0.940992 0.883045 0.945767 0.879696 0.949816 0.874683 0.952521 0.868770 0.953471 0.862858 0.952521 0.857845 0.949816 0.854496 0.945767 0.853320 0.940992 0.854496 0.936216 0.857845 0.932168 0.862858 0.929462 0.868770 0.928512 0.874683 0.929462 0.879696 0.932168 0.883045 0.936216
2 0.941148 0.929793 0.939925 0.936482 0.936442 0.942153 0.931230 0.945942 0.925082 0.947273 0.918934 0.945942 0.913722 0.942153 0.910239 0.936482 0.909016 0.929793 0.910239 0.923104 0.913722 0.917434 0.918934 0.913645 0.925082 0.912314 0.931230 0.913645 0.936442 0.917434 0.939925 0.923104
2 0.920123 0.902975 0.919134 0.909411 0.916318 0.914867 0.912103 0.918513 0.907131 0.919793 0.902159 0.918513 0.897945 0.914867 0.895128 0.909411 0.894139 0.902975 0.895128 0.896539 0.897945 0.891083 0.902159 0.887437 0.907131 0.886157 0.912103 0.887437 0.916318 0.891083 0.919134 0.896539
2 0.812008 0.393926 0.810689 0.402465 0.806931 0.409704 0.801306 0.414541 0.794672 0.416240 0.788038 0.414541 0.782414 0.409704 0.778656 0.402465 0.777336 0.393926 0.778656 0.385386 0.782414 0.378147 0.788038 0.373310 0.794672 0.371612 0.801306 0.373310 0.806931 0.378147 0.810689 0.385386
2 0.110123 0.247438 0.108757 0.254364 0.104865 0.260236 0.099042 0.264159 0.092172 0.265537 0.085303 0.264159 0.079479 0.260236 0.075588 0.254364 0.074221 0.247438 0.075588 0.240512 0.079479 0.234640 0.085303 0.230717 0.092172 0.229339 0.099042 0.230717 0.104865 0.234640 0.108757 0.240512
2 0.067049 0.407810 0.065957 0.412886 0.062848 0.417189 0.058194 0.420065 0.052705 0.421074 0.047216 0.420065 0.042562 0.417189 0.039453 0.412886 0.038361 0.407810 0.039453 0.402734 0.042562 0.398431 0.047216 0.395555 0.052705 0.394545 0.058194 0.395555 0.062848 0.398431 0.065957 0.402734
2 0.084959 0.422893 0.083867 0.427273 0.080758 0.430986 0.076104 0.433468 0.070615 0.434339 0.065125 0.433468 0.060472 0.430986 0.057362 0.427273 0.056270 0.422893 0.057362 0.418512 0.060472 0.414799 0.065125 0.412318 0.070615 0.411446 0.076104 0.412318 0.080758 0.414799 0.083867 0.418512
5 0.105460 0.299027 0.204479 0.350121 0.263943 0.433617 0.334598 0.545105 0.355320 0.531755 0.284292 0.419713 0.220196 0.331924 0.116917 0.277089
5 0.190855 0.268378 0.224057 0.204504 0.290944 0.149799 0.357993 0.096824 0.342826 0.077308 0.275615 0.130414 0.205497 0.188978 0.169227 0.256581
5 0.311190 0.279211 0.394118 0.170983 0.438146 0.078278 0.459909 0.014312 0.436649 0.006267 0.415432 0.068893 0.373318 0.158021 0.291761 0.264013
5 0.114758 0.349096 0.063538 0.296193 0.036218 0.292180 0.018104 0.264742 0.000000 0.278481 0.022855 0.311038 0.051390 0.316606 0.096718 0.365945
5 0.183691 0.502768 0.243484 0.543512 0.269985 0.542723 0.313469 0.559169 0.322105 0.535955 0.274303 0.518719 0.250694 0.521075 0.198112 0.482686
5 0.199744 0.450329 0.298283 0.451079 0.337655 0.466650 0.572177 0.431653 0.647184 0.450321 0.739603 0.453958 0.740561 0.429183 0.650651 0.425909 0.573411 0.407358 0.340898 0.443053 0.303493 0.427357 0.200174 0.425539
5 0.307140 0.447782 0.335450 0.425517 0.380737 0.405393 0.370820 0.382706 0.323024 0.404326 0.292204 0.428086
5 0.135336 0.912951 0.218437 0.918087 0.345609 0.944781 0.350621 0.920508 0.221713 0.893578 0.136877 0.888206
5 0.031029 0.831122 0.091020 0.795138 0.165200 0.779105 0.160046 0.754862 0.082249 0.772308 0.018643 0.809704
5 0.010479 0.760038 0.077693 0.648330 0.125087 0.608332 0.170128 0.541514 0.149790 0.527577 0.107102 0.591794 0.059398 0.632276 0.000000 0.747069
5 0.810807 0.373108 0.818758 0.308976 0.794357 0.305900 0.786406 0.370033
5 0.797896 0.426259 0.890641 0.452954 0.897391 0.429113 0.804645 0.402418
5 0.966824 0.341586 0.916456 0.154561 0.892725 0.161059 0.943094 0.348083
5 0.984267 0.541354 0.936562 0.618834 0.957454 0.631910 1.000000 0.554431
5 0.767432 0.412437 0.691089 0.521690 0.683521 0.565565 0.588152 0.870152 0.611602 0.877616 0.707354 0.571451 0.713182 0.531076 0.787404 0.426902
5 0.847397 0.926366 0.701659 0.979796 0.710062 1.000000 0.855800 0.949667
5 0.902525 0.897002 0.838919 0.835514 0.821901 0.853411 0.885507 0.914899
5 0.967254 0.988760 0.965592 0.735811 1.000000 0.657588 0.989367 0.645139 0.942664 0.729587 0.942664 0.988760
5 0.949734 0.944733 1.000000 0.932584 0.997274 0.908408 0.944282 0.920556
6 0.000000 0.879256 0.059549 0.841322 0.035984 0.773430 0.000000 0.748512
6 0.771107 0.399132 0.781475 0.432149 0.815984 0.402603 0.791803 0.359132
6 1.000000 0.326653 0.934959 0.400868 0.953934 0.458264 1.000000 0.480124
6 0.875369 0.968678 0.859057 0.930331 0.897131 0.888306 0.944262 0.928471 0.922500 0.965041
6 0.027951 0.395289 0.099959 0.462934 0.169508 0.485455 0.226639 0.437893 0.157090 0.380289 0.087541 0.337727
6 0.062705 0.177438 0.117377 0.149876 0.174467 0.250041 0.261434 0.337727 0.211762 0.367769 0.077623 0.282603