2 0.854057 0.739132 0.852903 0.744082 0.849616 0.748278 0.844696 0.751082 0.838893 0.752066 0.833090 0.751082 0.828171 0.748278 0.824884 0.744082 0.823730 0.739132 0.824884 0.734183 0.828171 0.729987 0.833090 0.727183 0.838893 0.726198 0.844696 0.727183 0.849616 0.729987 0.852903 0.734183
2 0.787008 0.821612 0.785932 0.829961 0.782867 0.837039 0.778280 0.841769 0.772869 0.843430 0.767458 0.841769 0.762871 0.837039 0.759806 0.829961 0.758730 0.821612 0.759806 0.813262 0.762871 0.806184 0.767458 0.801454 0.772869 0.799793 0.778280 0.801454 0.782867 0.806184 0.785932 0.813262
2 0.802008 0.791364 0.800932 0.797151 0.797867 0.802058 0.793280 0.805336 0.787869 0.806488 0.782458 0.805336 0.777871 0.802058 0.774806 0.797151 0.773730 0.791364 0.774806 0.785576 0.777871 0.780669 0.782458 0.777391 0.787869 0.776240 0.793280 0.777391 0.797867 0.780669 0.800932 0.785576
2 0.937910 0.584917 0.936768 0.591338 0.933516 0.596780 0.928650 0.600417 0.922910 0.601694 0.917170 0.600417 0.912303 0.596780 0.909052 0.591338 0.907910 0.584917 0.909052 0.578497 0.912303 0.573054 0.917170 0.569418 0.922910 0.568140 0.928650 0.569418 0.933516 0.573054 0.936768 0.578497
0 0.276270 0.264545 0.274898 0.269511 0.270989 0.273720 0.265139 0.276533 0.258238 0.277521 0.251337 0.276533 0.245487 0.273720 0.241578 0.269511 0.240205 0.264545 0.241578 0.259580 0.245487 0.255371 0.251337 0.252558 0.258238 0.251570 0.265139 0.252558 0.270989 0.255371 0.274898 0.259580
0 0.244016 0.247025 0.242547 0.252243 0.238363 0.256667 0.232100 0.259623 0.224713 0.260661 0.217326 0.259623 0.211064 0.256667 0.206879 0.252243 0.205410 0.247025 0.206879 0.241806 0.211064 0.237382 0.217326 0.234426 0.224713 0.233388 0.232100 0.234426 0.238363 0.237382 0.242547 0.241806
0 0.207992 0.254793 0.207059 0.262004 0.204403 0.268117 0.200427 0.272202 0.195738 0.273636 0.191048 0.272202 0.187073 0.268117 0.184416 0.262004 0.183484 0.254793 0.184416 0.247582 0.187073 0.241469 0.191048 0.237385 0.195738 0.235950 0.200427 0.237385 0.204403 0.241469 0.207059 0.247582
0 0.214426 0.213264 0.213200 0.220966 0.209709 0.227494 0.204483 0.231857 0.198320 0.233388 0.192156 0.231857 0.186931 0.227494 0.183439 0.220966 0.182213 0.213264 0.183439 0.205563 0.186931 0.199035 0.192156 0.194672 0.198320 0.193140 0.204483 0.194672 0.209709 0.199035 0.213200 0.205563
0 0.279426 0.373388 0.278094 0.378401 0.274301 0.382651 0.268623 0.385490 0.261926 0.386488 0.255229 0.385490 0.249552 0.382651 0.245758 0.378401 0.244426 0.373388 0.245758 0.368376 0.249552 0.364126 0.255229 0.361286 0.261926 0.360289 0.268623 0.361286 0.274301 0.364126 0.278094 0.368376
0 0.247459 0.357273 0.246164 0.361511 0.242477 0.365103 0.236960 0.367504 0.230451 0.368347 0.223942 0.367504 0.218424 0.365103 0.214737 0.361511 0.213443 0.357273 0.214737 0.353035 0.218424 0.349442 0.223942 0.347041 0.230451 0.346198 0.236960 0.347041 0.242477 0.349442 0.246164 0.353035
0 0.217459 0.346694 0.215862 0.352292 0.211313 0.357038 0.204505 0.360209 0.196475 0.361322 0.188445 0.360209 0.181638 0.357038 0.177089 0.352292 0.175492 0.346694 0.177089 0.341096 0.181638 0.336351 0.188445 0.333180 0.196475 0.332066 0.204505 0.333180 0.211313 0.336351 0.215862 0.341096
0 0.238443 0.328058 0.237263 0.332296 0.233905 0.335889 0.228879 0.338289 0.222951 0.339132 0.217022 0.338289 0.211996 0.335889 0.208638 0.332296 0.207459 0.328058 0.208638 0.323820 0.211996 0.320227 0.217022 0.317826 0.222951 0.316983 0.228879 0.317826 0.233905 0.320227 0.237263 0.323820
0 0.227459 0.433843 0.225937 0.440406 0.221601 0.445969 0.215113 0.449686 0.207459 0.450992 0.199805 0.449686 0.193317 0.445969 0.188981 0.440406 0.187459 0.433843 0.188981 0.427280 0.193317 0.421717 0.199805 0.418000 0.207459 0.416694 0.215113 0.418000 0.221601 0.421717 0.225937 0.427280
0 0.190492 0.423760 0.189197 0.429153 0.185510 0.433724 0.179992 0.436779 0.173484 0.437851 0.166975 0.436779 0.161457 0.433724 0.157770 0.429153 0.156475 0.423760 0.157770 0.418368 0.161457 0.413797 0.166975 0.410742 0.173484 0.409669 0.179992 0.410742 0.185510 0.413797 0.189197 0.418368
0 0.158525 0.417727 0.157040 0.425049 0.152811 0.431256 0.146482 0.435403 0.139016 0.436860 0.131551 0.435403 0.125222 0.431256 0.120993 0.425049 0.119508 0.417727 0.120993 0.410406 0.125222 0.404199 0.131551 0.400051 0.139016 0.398595 0.146482 0.400051 0.152811 0.404199 0.157040 0.410406
0 0.178484 0.389008 0.177342 0.394986 0.174090 0.400053 0.169224 0.403439 0.163484 0.404628 0.157743 0.403439 0.152877 0.400053 0.149625 0.394986 0.148484 0.389008 0.149625 0.383031 0.152877 0.377963 0.157743 0.374577 0.163484 0.373388 0.169224 0.374577 0.174090 0.377963 0.177342 0.383031
0 0.225451 0.374917 0.223891 0.380515 0.219449 0.385261 0.212801 0.388432 0.204959 0.389545 0.197117 0.388432 0.190469 0.385261 0.186027 0.380515 0.184467 0.374917 0.186027 0.369319 0.190469 0.364574 0.197117 0.361403 0.204959 0.360289 0.212801 0.361403 0.219449 0.364574 0.223891 0.369319
0 0.048525 0.294917 0.047286 0.300547 0.043759 0.305319 0.038481 0.308508 0.032254 0.309628 0.026028 0.308508 0.020749 0.305319 0.017222 0.300547 0.015984 0.294917 0.017222 0.289288 0.020749 0.284515 0.026028 0.281326 0.032254 0.280207 0.038481 0.281326 0.043759 0.284515 0.047286 0.289288
0 0.412951 0.114711 0.411569 0.121384 0.407633 0.127041 0.401743 0.130821 0.394795 0.132149 0.387847 0.130821 0.381957 0.127041 0.378021 0.121384 0.376639 0.114711 0.378021 0.108038 0.381957 0.102380 0.387847 0.098600 0.394795 0.097273 0.401743 0.098600 0.407633 0.102380 0.411569 0.108038
0 0.407746 0.151322 0.406595 0.159340 0.403316 0.166136 0.398410 0.170678 0.392623 0.172273 0.386836 0.170678 0.381929 0.166136 0.378651 0.159340 0.377500 0.151322 0.378651 0.143305 0.381929 0.136508 0.386836 0.131967 0.392623 0.130372 0.398410 0.131967 0.403316 0.136508 0.406595 0.143305
0 0.385287 0.138264 0.383509 0.143941 0.378445 0.148754 0.370866 0.151970 0.361926 0.153099 0.352986 0.151970 0.345408 0.148754 0.340344 0.143941 0.338566 0.138264 0.340344 0.132587 0.345408 0.127775 0.352986 0.124559 0.361926 0.123430 0.370866 0.124559 0.378445 0.127775 0.383509 0.132587
0 0.350656 0.160041 0.348878 0.166050 0.343814 0.171145 0.336235 0.174549 0.327295 0.175744 0.318355 0.174549 0.310777 0.171145 0.305713 0.166050 0.303934 0.160041 0.305713 0.154032 0.310777 0.148938 0.318355 0.145534 0.327295 0.144339 0.336235 0.145534 0.343814 0.148938 0.348878 0.154032
0 0.523197 0.307603 0.522202 0.313486 0.519368 0.318473 0.515126 0.321805 0.510123 0.322975 0.505120 0.321805 0.500878 0.318473 0.498044 0.313486 0.497049 0.307603 0.498044 0.301721 0.500878 0.296734 0.505120 0.293402 0.510123 0.292231 0.515126 0.293402 0.519368 0.296734 0.522202 0.301721
0 0.503607 0.284545 0.502611 0.291677 0.499777 0.297723 0.495536 0.301763 0.490533 0.303182 0.485530 0.301763 0.481288 0.297723 0.478454 0.291677 0.477459 0.284545 0.478454 0.277414 0.481288 0.271368 0.485530 0.267328 0.490533 0.265909 0.495536 0.267328 0.499777 0.271368 0.502611 0.277414
0 0.477500 0.275248 0.476339 0.281336 0.473035 0.286497 0.468088 0.289946 0.462254 0.291157 0.456420 0.289946 0.451474 0.286497 0.448169 0.281336 0.447008 0.275248 0.448169 0.269160 0.451474 0.263999 0.456420 0.260550 0.462254 0.259339 0.468088 0.260550 0.473035 0.263999 0.476339 0.269160
0 0.481844 0.243430 0.480684 0.250356 0.477379 0.256228 0.472433 0.260151 0.466598 0.261529 0.460764 0.260151 0.455818 0.256228 0.452513 0.250356 0.451352 0.243430 0.452513 0.236503 0.455818 0.230632 0.460764 0.226708 0.466598 0.225331 0.472433 0.226708 0.477379 0.230632 0.480684 0.236503
0 0.503238 0.255165 0.502296 0.260842 0.499613 0.265655 0.495597 0.268871 0.490861 0.270000 0.486124 0.268871 0.482109 0.265655 0.479426 0.260842 0.478484 0.255165 0.479426 0.249488 0.482109 0.244676 0.486124 0.241460 0.490861 0.240331 0.495597 0.241460 0.499613 0.244676 0.502296 0.249488
0 0.517951 0.271570 0.517068 0.276346 0.514554 0.280394 0.510791 0.283100 0.506352 0.284050 0.501914 0.283100 0.498151 0.280394 0.495637 0.276346 0.494754 0.271570 0.495637 0.266795 0.498151 0.262746 0.501914 0.260041 0.506352 0.259091 0.510791 0.260041 0.514554 0.262746 0.517068 0.266795
0 0.537295 0.288719 0.536088 0.294096 0.532650 0.298654 0.527504 0.301699 0.521434 0.302769 0.515365 0.301699 0.510219 0.298654 0.506781 0.294096 0.505574 0.288719 0.506781 0.283342 0.510219 0.278784 0.515365 0.275739 0.521434 0.274669 0.527504 0.275739 0.532650 0.278784 0.536088 0.283342
0 0.544262 0.313719 0.543320 0.319997 0.540637 0.325319 0.536622 0.328875 0.531885 0.330124 0.527149 0.328875 0.523133 0.325319 0.520450 0.319997 0.519508 0.313719 0.520450 0.307441 0.523133 0.302119 0.527149 0.298563 0.531885 0.297314 0.536622 0.298563 0.540637 0.302119 0.543320 0.307441
0 0.555861 0.284835 0.554653 0.290512 0.551215 0.295324 0.546070 0.298540 0.540000 0.299669 0.533930 0.298540 0.528785 0.295324 0.525347 0.290512 0.524139 0.284835 0.525347 0.279158 0.528785 0.274345 0.533930 0.271129 0.540000 0.270000 0.546070 0.271129 0.551215 0.274345 0.554653 0.279158
0 0.579098 0.273884 0.577950 0.278960 0.574681 0.283264 0.569788 0.286139 0.564016 0.287149 0.558245 0.286139 0.553352 0.283264 0.550082 0.278960 0.548934 0.273884 0.550082 0.268808 0.553352 0.264505 0.558245 0.261630 0.564016 0.260620 0.569788 0.261630 0.574681 0.264505 0.577950 0.268808
0 0.610082 0.277025 0.608669 0.281215 0.604644 0.284768 0.598621 0.287142 0.591516 0.287975 0.584412 0.287142 0.578389 0.284768 0.574364 0.281215 0.572951 0.277025 0.574364 0.272834 0.578389 0.269282 0.584412 0.266908 0.591516 0.266074 0.598621 0.266908 0.604644 0.269282 0.608669 0.272834
0 0.578320 0.291074 0.577318 0.294364 0.574466 0.297152 0.570198 0.299015 0.565164 0.299669 0.560129 0.299015 0.555861 0.297152 0.553010 0.294364 0.552008 0.291074 0.553010 0.287785 0.555861 0.284997 0.560129 0.283134 0.565164 0.282479 0.570198 0.283134 0.574466 0.284997 0.577318 0.287785
0 0.560656 0.409835 0.559686 0.414389 0.556923 0.418250 0.552787 0.420830 0.547910 0.421736 0.543032 0.420830 0.538897 0.418250 0.536134 0.414389 0.535164 0.409835 0.536134 0.405280 0.538897 0.401420 0.543032 0.398840 0.547910 0.397934 0.552787 0.398840 0.556923 0.401420 0.559686 0.405280
0 0.535164 0.400413 0.534228 0.405157 0.531563 0.409179 0.527574 0.411866 0.522869 0.412810 0.518164 0.411866 0.514175 0.409179 0.511510 0.405157 0.510574 0.400413 0.511510 0.395669 0.514175 0.391647 0.518164 0.388960 0.522869 0.388017 0.527574 0.388960 0.531563 0.391647 0.534228 0.395669
0 0.552787 0.383099 0.551592 0.388033 0.548189 0.392216 0.543097 0.395010 0.537090 0.395992 0.531083 0.395010 0.525991 0.392216 0.522588 0.388033 0.521393 0.383099 0.522588 0.378165 0.525991 0.373983 0.531083 0.371188 0.537090 0.370207 0.543097 0.371188 0.548189 0.373983 0.551592 0.378165
0 0.523361 0.380620 0.521492 0.385728 0.516170 0.390058 0.508206 0.392951 0.498811 0.393967 0.489417 0.392951 0.481453 0.390058 0.476131 0.385728 0.474262 0.380620 0.476131 0.375512 0.481453 0.371182 0.489417 0.368289 0.498811 0.367273 0.508206 0.368289 0.516170 0.371182 0.521492 0.375512
0 0.477172 0.370207 0.475790 0.375504 0.471854 0.379995 0.465964 0.382996 0.459016 0.384050 0.452068 0.382996 0.446178 0.379995 0.442243 0.375504 0.440861 0.370207 0.442243 0.364909 0.446178 0.360418 0.452068 0.357417 0.459016 0.356364 0.465964 0.357417 0.471854 0.360418 0.475790 0.364909
0 0.458566 0.330620 0.457705 0.341610 0.455253 0.350927 0.451583 0.357153 0.447254 0.359339 0.442925 0.357153 0.439256 0.350927 0.436804 0.341610 0.435943 0.330620 0.436804 0.319630 0.439256 0.310312 0.442925 0.304087 0.447254 0.301901 0.451583 0.304087 0.455253 0.310312 0.457705 0.319630
0 0.499754 0.410331 0.498746 0.418095 0.495877 0.424677 0.491582 0.429075 0.486516 0.430620 0.481451 0.429075 0.477156 0.424677 0.474286 0.418095 0.473279 0.410331 0.474286 0.402566 0.477156 0.395984 0.481451 0.391586 0.486516 0.390041 0.491582 0.391586 0.495877 0.395984 0.498746 0.402566
0 0.521393 0.438554 0.520348 0.444610 0.517372 0.449745 0.512918 0.453175 0.507664 0.454380 0.502410 0.453175 0.497956 0.449745 0.494980 0.444610 0.493934 0.438554 0.494980 0.432497 0.497956 0.427363 0.502410 0.423932 0.507664 0.422727 0.512918 0.423932 0.517372 0.427363 0.520348 0.432497
0 0.543033 0.463306 0.542247 0.467101 0.540008 0.470318 0.536657 0.472468 0.532705 0.473223 0.528753 0.472468 0.525402 0.470318 0.523163 0.467101 0.522377 0.463306 0.523163 0.459511 0.525402 0.456293 0.528753 0.454143 0.532705 0.453388 0.536657 0.454143 0.540008 0.456293 0.542247 0.459511
0 0.505697 0.522727 0.504948 0.529543 0.502816 0.535321 0.499625 0.539181 0.495861 0.540537 0.492097 0.539181 0.488906 0.535321 0.486773 0.529543 0.486025 0.522727 0.486773 0.515912 0.488906 0.510134 0.492097 0.506273 0.495861 0.504917 0.499625 0.506273 0.502816 0.510134 0.504948 0.515912
0 0.502746 0.489050 0.501773 0.495865 0.499001 0.501643 0.494852 0.505504 0.489959 0.506860 0.485066 0.505504 0.480917 0.501643 0.478145 0.495865 0.477172 0.489050 0.478145 0.482234 0.480917 0.476456 0.485066 0.472595 0.489959 0.471240 0.494852 0.472595 0.499001 0.476456 0.501773 0.482234
0 0.497828 0.449421 0.496929 0.456237 0.494371 0.462015 0.490542 0.465876 0.486025 0.467231 0.481508 0.465876 0.477678 0.462015 0.475120 0.456237 0.474221 0.449421 0.475120 0.442606 0.477678 0.436828 0.481508 0.432967 0.486025 0.431612 0.490542 0.432967 0.494371 0.436828 0.496929 0.442606
0 0.475246 0.483099 0.474310 0.487653 0.471645 0.491514 0.467656 0.494094 0.462951 0.495000 0.458246 0.494094 0.454257 0.491514 0.451592 0.487653 0.450656 0.483099 0.451592 0.478545 0.454257 0.474684 0.458246 0.472104 0.462951 0.471198 0.467656 0.472104 0.471645 0.474684 0.474310 0.478545
0 0.474221 0.426653 0.473064 0.431587 0.469768 0.435769 0.464835 0.438564 0.459016 0.439545 0.453198 0.438564 0.448265 0.435769 0.444969 0.431587 0.443811 0.426653 0.444969 0.421719 0.448265 0.417536 0.453198 0.414742 0.459016 0.413760 0.464835 0.414742 0.469768 0.417536 0.473064 0.421719
0 0.047131 0.877355 0.046133 0.884693 0.043290 0.890913 0.039035 0.895069 0.034016 0.896529 0.028998 0.895069 0.024743 0.890913 0.021900 0.884693 0.020902 0.877355 0.021900 0.870018 0.024743 0.863798 0.028998 0.859641 0.034016 0.858182 0.039035 0.859641 0.043290 0.863798 0.046133 0.870018
0 0.037213 0.840372 0.036109 0.847187 0.032964 0.852965 0.028257 0.856826 0.022705 0.858182 0.017153 0.856826 0.012446 0.852965 0.009301 0.847187 0.008197 0.840372 0.009301 0.833556 0.012446 0.827778 0.017153 0.823918 0.022705 0.822562 0.028257 0.823918 0.032964 0.827778 0.036109 0.833556
0 0.067992 0.843099 0.066853 0.849915 0.063610 0.855693 0.058757 0.859553 0.053033 0.860909 0.047308 0.859553 0.042455 0.855693 0.039212 0.849915 0.038074 0.843099 0.039212 0.836284 0.042455 0.830506 0.047308 0.826645 0.053033 0.825289 0.058757 0.826645 0.063610 0.830506 0.066853 0.836284
0 0.104180 0.816612 0.102733 0.822383 0.098611 0.827277 0.092441 0.830546 0.085164 0.831694 0.077887 0.830546 0.071717 0.827277 0.067595 0.822383 0.066148 0.816612 0.067595 0.810840 0.071717 0.805947 0.077887 0.802677 0.085164 0.801529 0.092441 0.802677 0.098611 0.805947 0.102733 0.810840
0 0.308197 0.596777 0.306840 0.601458 0.302975 0.605426 0.297191 0.608077 0.290369 0.609008 0.283546 0.608077 0.277763 0.605426 0.273898 0.601458 0.272541 0.596777 0.273898 0.592096 0.277763 0.588128 0.283546 0.585477 0.290369 0.584545 0.297191 0.585477 0.302975 0.588128 0.306840 0.592096
0 0.343934 0.591612 0.342478 0.596783 0.338329 0.601166 0.332119 0.604095 0.324795 0.605124 0.317471 0.604095 0.311262 0.601166 0.307113 0.596783 0.305656 0.591612 0.307113 0.586441 0.311262 0.582057 0.317471 0.579128 0.324795 0.578099 0.332119 0.579128 0.338329 0.582057 0.342478 0.586441
0 0.370656 0.603843 0.369686 0.612208 0.366923 0.619300 0.362787 0.624039 0.357910 0.625702 0.353032 0.624039 0.348897 0.619300 0.346134 0.612208 0.345164 0.603843 0.346134 0.595478 0.348897 0.588386 0.353032 0.583647 0.357910 0.581983 0.362787 0.583647 0.366923 0.588386 0.369686 0.595478
0 0.363033 0.641116 0.361869 0.647504 0.358555 0.652920 0.353596 0.656539 0.347746 0.657810 0.341896 0.656539 0.336936 0.652920 0.333623 0.647504 0.332459 0.641116 0.333623 0.634727 0.336936 0.629311 0.341896 0.625692 0.347746 0.624421 0.353596 0.625692 0.358555 0.629311 0.361869 0.634727
0 0.396189 0.643678 0.394975 0.650066 0.391519 0.655482 0.386347 0.659101 0.380246 0.660372 0.374145 0.659101 0.368973 0.655482 0.365517 0.650066 0.364303 0.643678 0.365517 0.637289 0.368973 0.631873 0.374145 0.628254 0.380246 0.626983 0.386347 0.628254 0.391519 0.631873 0.394975 0.637289
0 0.436967 0.652686 0.435464 0.657604 0.431181 0.661773 0.424773 0.664559 0.417213 0.665537 0.409654 0.664559 0.403245 0.661773 0.398963 0.657604 0.397459 0.652686 0.398963 0.647768 0.403245 0.643599 0.409654 0.640813 0.417213 0.639835 0.424773 0.640813 0.431181 0.643599 0.435464 0.647768
0 0.421639 0.677107 0.420379 0.684492 0.416790 0.690753 0.411418 0.694936 0.405082 0.696405 0.398746 0.694936 0.393374 0.690753 0.389785 0.684492 0.388525 0.677107 0.389785 0.669723 0.393374 0.663462 0.398746 0.659279 0.405082 0.657810 0.411418 0.659279 0.416790 0.663462 0.420379 0.669723
0 0.430574 0.709256 0.429750 0.715155 0.427405 0.720155 0.423895 0.723496 0.419754 0.724669 0.415614 0.723496 0.412103 0.720155 0.409758 0.715155 0.408934 0.709256 0.409758 0.703358 0.412103 0.698357 0.415614 0.695016 0.419754 0.693843 0.423895 0.695016 0.427405 0.698357 0.429750 0.703358
0 0.300574 0.617314 0.299700 0.621489 0.297213 0.625028 0.293490 0.627393 0.289098 0.628223 0.284707 0.627393 0.280984 0.625028 0.278496 0.621489 0.277623 0.617314 0.278496 0.613139 0.280984 0.609600 0.284707 0.607235 0.289098 0.606405 0.293490 0.607235 0.297213 0.609600 0.299700 0.613139
0 0.287787 0.635992 0.286623 0.642380 0.283309 0.647796 0.278350 0.651415 0.272500 0.652686 0.266650 0.651415 0.261691 0.647796 0.258377 0.642380 0.257213 0.635992 0.258377 0.629603 0.261691 0.624187 0.266650 0.620568 0.272500 0.619298 0.278350 0.620568 0.283309 0.624187 0.286623 0.629603
0 0.259754 0.641736 0.257960 0.646416 0.252852 0.650384 0.245207 0.653036 0.236189 0.653967 0.227170 0.653036 0.219525 0.650384 0.214417 0.646416 0.212623 0.641736 0.214417 0.637055 0.219525 0.633087 0.227170 0.630435 0.236189 0.629504 0.245207 0.630435 0.252852 0.633087 0.257960 0.637055
0 0.291639 0.671983 0.290329 0.679368 0.286598 0.685629 0.281013 0.689812 0.274426 0.691281 0.267839 0.689812 0.262255 0.685629 0.258523 0.679368 0.257213 0.671983 0.258523 0.664599 0.262255 0.658338 0.267839 0.654155 0.274426 0.652686 0.281013 0.654155 0.286598 0.658338 0.290329 0.664599
0 0.290369 0.713760 0.289495 0.722363 0.287008 0.729656 0.283285 0.734529 0.278893 0.736240 0.274502 0.734529 0.270779 0.729656 0.268292 0.722363 0.267418 0.713760 0.268292 0.705158 0.270779 0.697865 0.274502 0.692992 0.278893 0.691281 0.283285 0.692992 0.287008 0.697865 0.289495 0.705158
0 0.281434 0.744587 0.280708 0.750248 0.278638 0.755047 0.275540 0.758254 0.271885 0.759380 0.268231 0.758254 0.265133 0.755047 0.263063 0.750248 0.262336 0.744587 0.263063 0.738926 0.265133 0.734126 0.268231 0.730919 0.271885 0.729793 0.275540 0.730919 0.278638 0.734126 0.280708 0.738926
0 0.304344 0.698967 0.303521 0.703885 0.301175 0.708054 0.297665 0.710840 0.293525 0.711818 0.289384 0.710840 0.285874 0.708054 0.283529 0.703885 0.282705 0.698967 0.283529 0.694049 0.285874 0.689880 0.289384 0.687094 0.293525 0.686116 0.297665 0.687094 0.301175 0.689880 0.303521 0.694049
5 0.775165 0.213110 0.798362 0.170465 0.776802 0.158543 0.753605 0.201188
5 0.996298 0.609542 0.895869 0.643408 0.774225 0.783728 0.642480 0.909776 0.647480 0.995603 0.672028 0.994149 0.662988 0.918256 0.791713 0.801097 0.908825 0.663392 1.000000 0.633185
5 0.642548 0.898919 0.572466 0.989787 0.591878 1.000000 0.661960 0.914139
5 0.639052 0.911110 0.606494 0.873488 0.561453 0.843199 0.547809 0.863826 0.590333 0.891865 0.620374 0.927237
5 0.780621 0.791303 0.728832 0.745866 0.603628 0.702973 0.595717 0.726448 0.716674 0.766837 0.764215 0.809771
5 0.917748 0.642016 0.840125 0.528421 0.819875 0.542488 0.897498 0.656083
5 0.886321 0.606143 0.906321 0.560688 0.883843 0.550634 0.863843 0.596089
5 0.922126 0.649216 0.932126 0.603803 0.908120 0.598429 0.898120 0.643842
6 0.430492 1.000000 0.384385 0.941860 0.199098 0.934298 0.224139 0.820702 0.189098 0.697025 0.108975 0.631405 0.000000 0.591818 0.000000 1.000000
6 0.000000 0.365372 0.038893 0.328471 0.036393 0.283058 0.000000 0.270207
6 1.000000 0.637769 0.912623 0.664215 0.835000 0.575868 0.855041 0.429463 0.875082 0.313347 0.960205 0.267893 1.000000 0.269917
6 1.000000 0.823223 0.930164 0.823223 0.842541 0.891405 0.820000 0.949463 0.828074 1.000000 1.000000 1.000000
6 0.189098 0.469835 0.249180 0.550620 0.326803 0.575868 0.439467 0.540537 0.517049 0.495083 0.537090 0.439545 0.559631 0.330992 0.544590 0.230041 0.464467 0.179545 0.426926 0.116446 0.349344 0.091198 0.219139 0.139174 0.149057 0.237603 0.139016 0.308306 0.179098 0.366364