5 0.834311 0.167064 0.813655 0.107519 0.790443 0.115704 0.811099 0.175250
5 0.679254 0.883240 0.741303 0.987455 0.762386 0.974694 0.700337 0.870479
5 0.011941 0.565184 0.049113 0.412332 0.025231 0.406428 0.000000 0.559279
0 0.375902 0.592562 0.374439 0.598286 0.370272 0.603139 0.364036 0.606382 0.356680 0.607521 0.349325 0.606382 0.343089 0.603139 0.338922 0.598286 0.337459 0.592562 0.338922 0.586838 0.343089 0.581985 0.349325 0.578742 0.356680 0.577603 0.364036 0.578742 0.370272 0.581985 0.374439 0.586838
0 0.407336 0.580661 0.405873 0.585880 0.401706 0.590304 0.395470 0.593260 0.388115 0.594298 0.380759 0.593260 0.374523 0.590304 0.370357 0.585880 0.368893 0.580661 0.370357 0.575443 0.374523 0.571019 0.380759 0.568063 0.388115 0.567025 0.395470 0.568063 0.401706 0.571019 0.405873 0.575443
0 0.398607 0.615000 0.397278 0.621578 0.393493 0.627155 0.387829 0.630882 0.381148 0.632190 0.374466 0.630882 0.368802 0.627155 0.365018 0.621578 0.363689 0.615000 0.365018 0.608422 0.368802 0.602845 0.374466 0.599118 0.381148 0.597810 0.387829 0.599118 0.393493 0.602845 0.397278 0.608422
0 0.430041 0.637025 0.428512 0.642591 0.424159 0.647310 0.417644 0.650463 0.409959 0.651570 0.402274 0.650463 0.395759 0.647310 0.391406 0.642591 0.389877 0.637025 0.391406 0.631458 0.395759 0.626740 0.402274 0.623587 0.409959 0.622479 0.417644 0.623587 0.424159 0.626740 0.428512 0.631458
0 0.295861 0.414174 0.294407 0.419771 0.290267 0.424517 0.284071 0.427688 0.276762 0.428802 0.269454 0.427688 0.263258 0.424517 0.259118 0.419771 0.257664 0.414174 0.259118 0.408576 0.263258 0.403830 0.269454 0.400659 0.276762 0.399545 0.284071 0.400659 0.290267 0.403830 0.294407 0.408576
0 0.261844 0.407066 0.260328 0.412190 0.256010 0.416533 0.249549 0.419435 0.241926 0.420455 0.234304 0.419435 0.227842 0.416533 0.223524 0.412190 0.222008 0.407066 0.223524 0.401943 0.227842 0.397599 0.234304 0.394697 0.241926 0.393678 0.249549 0.394697 0.256010 0.397599 0.260328 0.401943
0 0.247705 0.377769 0.246601 0.383857 0.243456 0.389018 0.238749 0.392467 0.233197 0.393678 0.227645 0.392467 0.222938 0.389018 0.219793 0.383857 0.218689 0.377769 0.219793 0.371680 0.222938 0.366519 0.227645 0.363071 0.233197 0.361860 0.238749 0.363071 0.243456 0.366519 0.246601 0.371680
0 0.226967 0.394917 0.225610 0.400515 0.221746 0.405261 0.215962 0.408432 0.209139 0.409545 0.202317 0.408432 0.196533 0.405261 0.192669 0.400515 0.191311 0.394917 0.192669 0.389319 0.196533 0.384574 0.202317 0.381403 0.209139 0.380289 0.215962 0.381403 0.221746 0.384574 0.225610 0.389319
0 0.325000 0.284959 0.323565 0.290225 0.319478 0.294689 0.313362 0.297672 0.306148 0.298719 0.298933 0.297672 0.292817 0.294689 0.288730 0.290225 0.287295 0.284959 0.288730 0.279693 0.292817 0.275229 0.298933 0.272246 0.306148 0.271198 0.313362 0.272246 0.319478 0.275229 0.323565 0.279693
0 0.295082 0.265950 0.293843 0.272466 0.290316 0.277989 0.285038 0.281679 0.278811 0.282975 0.272585 0.281679 0.267307 0.277989 0.263780 0.272466 0.262541 0.265950 0.263780 0.259435 0.267307 0.253912 0.272585 0.250222 0.278811 0.248926 0.285038 0.250222 0.290316 0.253912 0.293843 0.259435
0 0.284672 0.295455 0.283287 0.300973 0.279342 0.305652 0.273439 0.308778 0.266475 0.309876 0.259512 0.308778 0.253608 0.305652 0.249664 0.300973 0.248279 0.295455 0.249664 0.289936 0.253608 0.285257 0.259512 0.282131 0.266475 0.281033 0.273439 0.282131 0.279342 0.285257 0.283287 0.289936
0 0.257377 0.313802 0.256092 0.319321 0.252431 0.323999 0.246954 0.327125 0.240492 0.328223 0.234030 0.327125 0.228552 0.323999 0.224892 0.319321 0.223607 0.313802 0.224892 0.308283 0.228552 0.303604 0.234030 0.300478 0.240492 0.299380 0.246954 0.300478 0.252431 0.303604 0.256092 0.308283
0 0.391025 0.279298 0.390004 0.284152 0.387099 0.288268 0.382752 0.291018 0.377623 0.291983 0.372494 0.291018 0.368147 0.288268 0.365241 0.284152 0.364221 0.279298 0.365241 0.274443 0.368147 0.270327 0.372494 0.267577 0.377623 0.266612 0.382752 0.267577 0.387099 0.270327 0.390004 0.274443
0 0.412828 0.253099 0.411773 0.260864 0.408771 0.267446 0.404277 0.271844 0.398975 0.273388 0.393674 0.271844 0.389180 0.267446 0.386177 0.260864 0.385123 0.253099 0.386177 0.245335 0.389180 0.238753 0.393674 0.234354 0.398975 0.232810 0.404277 0.234354 0.408771 0.238753 0.411773 0.245335
0 0.439631 0.257727 0.438611 0.265982 0.435706 0.272980 0.431358 0.277656 0.426230 0.279298 0.421101 0.277656 0.416753 0.272980 0.413848 0.265982 0.412828 0.257727 0.413848 0.249473 0.416753 0.242475 0.421101 0.237799 0.426230 0.236157 0.431358 0.237799 0.435706 0.242475 0.438611 0.249473
0 0.436311 0.219256 0.435067 0.227669 0.431522 0.234801 0.426217 0.239566 0.419959 0.241240 0.413701 0.239566 0.408396 0.234801 0.404851 0.227669 0.403607 0.219256 0.404851 0.210843 0.408396 0.203712 0.413701 0.198946 0.419959 0.197273 0.426217 0.198946 0.431522 0.203712 0.435067 0.210843
0 0.461434 0.200248 0.460255 0.206225 0.456897 0.211293 0.451871 0.214679 0.445943 0.215868 0.440014 0.214679 0.434988 0.211293 0.431630 0.206225 0.430451 0.200248 0.431630 0.194270 0.434988 0.189203 0.440014 0.185817 0.445943 0.184628 0.451871 0.185817 0.456897 0.189203 0.460255 0.194270
0 0.474016 0.169835 0.472740 0.174848 0.469107 0.179097 0.463669 0.181937 0.457254 0.182934 0.450839 0.181937 0.445401 0.179097 0.441768 0.174848 0.440492 0.169835 0.441768 0.164822 0.445401 0.160572 0.450839 0.157733 0.457254 0.156736 0.463669 0.157733 0.469107 0.160572 0.472740 0.164822
0 0.516762 0.178678 0.515327 0.184497 0.511241 0.189430 0.505124 0.192727 0.497910 0.193884 0.490695 0.192727 0.484579 0.189430 0.480492 0.184497 0.479057 0.178678 0.480492 0.172858 0.484579 0.167925 0.490695 0.164629 0.497910 0.163471 0.505124 0.164629 0.511241 0.167925 0.515327 0.172858
0 0.552008 0.182066 0.550380 0.190147 0.545742 0.196997 0.538802 0.201574 0.530615 0.203182 0.522428 0.201574 0.515487 0.196997 0.510850 0.190147 0.509221 0.182066 0.510850 0.173985 0.515487 0.167135 0.522428 0.162558 0.530615 0.160950 0.538802 0.162558 0.545742 0.167135 0.550380 0.173985
0 0.524344 0.157975 0.523100 0.162988 0.519555 0.167238 0.514250 0.170077 0.507992 0.171074 0.501734 0.170077 0.496429 0.167238 0.492884 0.162988 0.491639 0.157975 0.492884 0.152962 0.496429 0.148713 0.501734 0.145873 0.507992 0.144876 0.514250 0.145873 0.519555 0.148713 0.523100 0.152962
0 0.589057 0.322603 0.587972 0.329624 0.584880 0.335577 0.580253 0.339554 0.574795 0.340950 0.569337 0.339554 0.564710 0.335577 0.561618 0.329624 0.560533 0.322603 0.561618 0.315582 0.564710 0.309630 0.569337 0.305653 0.574795 0.304256 0.580253 0.305653 0.584880 0.309630 0.587972 0.315582
0 0.572172 0.291157 0.571086 0.296170 0.567995 0.300420 0.563368 0.303259 0.557910 0.304256 0.552452 0.303259 0.547825 0.300420 0.544733 0.296170 0.543648 0.291157 0.544733 0.286144 0.547825 0.281895 0.552452 0.279055 0.557910 0.278058 0.563368 0.279055 0.567995 0.281895 0.571086 0.286144
0 0.546230 0.273512 0.545044 0.278272 0.541668 0.282307 0.536616 0.285004 0.530656 0.285950 0.524696 0.285004 0.519643 0.282307 0.516267 0.278272 0.515082 0.273512 0.516267 0.268753 0.519643 0.264717 0.524696 0.262021 0.530656 0.261074 0.536616 0.262021 0.541668 0.264717 0.545044 0.268753
0 0.544959 0.249959 0.544020 0.255715 0.541346 0.260594 0.537344 0.263855 0.532623 0.265000 0.527902 0.263855 0.523900 0.260594 0.521226 0.255715 0.520287 0.249959 0.521226 0.244203 0.523900 0.239323 0.527902 0.236062 0.532623 0.234917 0.537344 0.236062 0.541346 0.239323 0.544020 0.244203
0 0.579467 0.279917 0.578575 0.283728 0.576034 0.286959 0.572231 0.289118 0.567746 0.289876 0.563260 0.289118 0.559458 0.286959 0.556917 0.283728 0.556025 0.279917 0.556917 0.276106 0.559458 0.272876 0.563260 0.270717 0.567746 0.269959 0.572231 0.270717 0.576034 0.272876 0.578575 0.276106
0 0.581803 0.260537 0.580821 0.265060 0.578022 0.268894 0.573834 0.271456 0.568893 0.272355 0.563953 0.271456 0.559765 0.268894 0.556966 0.265060 0.555984 0.260537 0.556966 0.256015 0.559765 0.252180 0.563953 0.249619 0.568893 0.248719 0.573834 0.249619 0.578022 0.252180 0.580821 0.256015
0 0.622582 0.246322 0.620972 0.251462 0.616388 0.255819 0.609527 0.258730 0.601434 0.259752 0.593342 0.258730 0.586481 0.255819 0.581897 0.251462 0.580287 0.246322 0.581897 0.241183 0.586481 0.236826 0.593342 0.233915 0.601434 0.232893 0.609527 0.233915 0.616388 0.236826 0.620972 0.241183
0 0.658648 0.236074 0.657275 0.240312 0.653366 0.243905 0.647516 0.246306 0.640615 0.247149 0.633714 0.246306 0.627864 0.243905 0.623955 0.240312 0.622582 0.236074 0.623955 0.231836 0.627864 0.228244 0.633714 0.225843 0.640615 0.225000 0.647516 0.225843 0.653366 0.228244 0.657275 0.231836
0 0.263320 0.583760 0.262421 0.588315 0.259863 0.592175 0.256033 0.594755 0.251516 0.595661 0.246999 0.594755 0.243170 0.592175 0.240612 0.588315 0.239713 0.583760 0.240612 0.579206 0.243170 0.575345 0.246999 0.572765 0.251516 0.571860 0.256033 0.572765 0.259863 0.575345 0.262421 0.579206
0 0.255697 0.566033 0.254530 0.571457 0.251207 0.576055 0.246235 0.579128 0.240369 0.580207 0.234503 0.579128 0.229530 0.576055 0.226208 0.571457 0.225041 0.566033 0.226208 0.560609 0.229530 0.556011 0.234503 0.552938 0.240369 0.551860 0.246235 0.552938 0.251207 0.556011 0.254530 0.560609
0 0.234631 0.538058 0.233464 0.544826 0.230142 0.550564 0.225169 0.554398 0.219303 0.555744 0.213438 0.554398 0.208465 0.550564 0.205142 0.544826 0.203975 0.538058 0.205142 0.531290 0.208465 0.525552 0.213438 0.521718 0.219303 0.520372 0.225169 0.521718 0.230142 0.525552 0.233464 0.531290
0 0.274795 0.543843 0.273338 0.549884 0.269189 0.555005 0.262980 0.558427 0.255656 0.559628 0.248331 0.558427 0.242122 0.555005 0.237973 0.549884 0.236516 0.543843 0.237973 0.537802 0.242122 0.532681 0.248331 0.529259 0.255656 0.528058 0.262980 0.529259 0.269189 0.532681 0.273338 0.537802
0 0.289508 0.523595 0.288270 0.528513 0.284743 0.532682 0.279464 0.535468 0.273238 0.536446 0.267011 0.535468 0.261733 0.532682 0.258206 0.528513 0.256967 0.523595 0.258206 0.518677 0.261733 0.514508 0.267011 0.511722 0.273238 0.510744 0.279464 0.511722 0.284743 0.514508 0.288270 0.518677
0 0.223770 0.512314 0.222994 0.517612 0.220782 0.522103 0.217471 0.525103 0.213566 0.526157 0.209660 0.525103 0.206350 0.522103 0.204137 0.517612 0.203361 0.512314 0.204137 0.507017 0.206350 0.502526 0.209660 0.499525 0.213566 0.498471 0.217471 0.499525 0.220782 0.502526 0.222994 0.507017
0 0.246721 0.495909 0.245508 0.499847 0.242052 0.503185 0.236880 0.505415 0.230779 0.506198 0.224678 0.505415 0.219506 0.503185 0.216050 0.499847 0.214836 0.495909 0.216050 0.491972 0.219506 0.488633 0.224678 0.486403 0.230779 0.485620 0.236880 0.486403 0.242052 0.488633 0.245508 0.491972
0 0.203975 0.509421 0.202809 0.514845 0.199486 0.519444 0.194513 0.522516 0.188648 0.523595 0.182782 0.522516 0.177809 0.519444 0.174486 0.514845 0.173320 0.509421 0.174486 0.503998 0.177809 0.499399 0.182782 0.496327 0.188648 0.495248 0.194513 0.496327 0.199486 0.499399 0.202809 0.503998
0 0.092705 0.974132 0.091601 0.979493 0.088456 0.984038 0.083749 0.987074 0.078197 0.988140 0.072645 0.987074 0.067938 0.984038 0.064793 0.979493 0.063689 0.974132 0.064793 0.968772 0.067938 0.964227 0.072645 0.961190 0.078197 0.960124 0.083749 0.961190 0.088456 0.964227 0.091601 0.968772
0 0.119303 0.952314 0.118127 0.957912 0.114778 0.962658 0.109765 0.965829 0.103852 0.966942 0.097940 0.965829 0.092927 0.962658 0.089578 0.957912 0.088402 0.952314 0.089578 0.946716 0.092927 0.941970 0.097940 0.938799 0.103852 0.937686 0.109765 0.938799 0.114778 0.941970 0.118127 0.946716
0 0.146475 0.937066 0.145346 0.941352 0.142130 0.944985 0.137317 0.947412 0.131639 0.948264 0.125962 0.947412 0.121149 0.944985 0.117933 0.941352 0.116803 0.937066 0.117933 0.932781 0.121149 0.929148 0.125962 0.926720 0.131639 0.925868 0.137317 0.926720 0.142130 0.929148 0.145346 0.932781
0 0.362910 0.860124 0.361631 0.864915 0.357988 0.868977 0.352537 0.871692 0.346107 0.872645 0.339676 0.871692 0.334225 0.868977 0.330582 0.864915 0.329303 0.860124 0.330582 0.855333 0.334225 0.851271 0.339676 0.848556 0.346107 0.847603 0.352537 0.848556 0.357988 0.851271 0.361631 0.855333
0 0.362869 0.840620 0.361537 0.845269 0.357743 0.849210 0.352066 0.851844 0.345369 0.852769 0.338672 0.851844 0.332994 0.849210 0.329201 0.845269 0.327869 0.840620 0.329201 0.835971 0.332994 0.832029 0.338672 0.829396 0.345369 0.828471 0.352066 0.829396 0.357743 0.832029 0.361537 0.835971
0 0.341721 0.826983 0.340804 0.830368 0.338192 0.833236 0.334283 0.835153 0.329672 0.835826 0.325061 0.835153 0.321152 0.833236 0.318540 0.830368 0.317623 0.826983 0.318540 0.823599 0.321152 0.820731 0.325061 0.818814 0.329672 0.818140 0.334283 0.818814 0.338192 0.820731 0.340804 0.823599
0 0.327828 0.809711 0.326717 0.815198 0.323555 0.819850 0.318821 0.822958 0.313238 0.824050 0.307654 0.822958 0.302921 0.819850 0.299758 0.815198 0.298648 0.809711 0.299758 0.804224 0.302921 0.799572 0.307654 0.796463 0.313238 0.795372 0.318821 0.796463 0.323555 0.799572 0.326717 0.804224
0 0.393566 0.854215 0.392287 0.859560 0.388644 0.864091 0.383193 0.867119 0.376762 0.868182 0.370332 0.867119 0.364881 0.864091 0.361238 0.859560 0.359959 0.854215 0.361238 0.848870 0.364881 0.844339 0.370332 0.841311 0.376762 0.840248 0.383193 0.841311 0.388644 0.844339 0.392287 0.848870
0 0.422746 0.871157 0.421801 0.876233 0.419109 0.880536 0.415080 0.883412 0.410328 0.884421 0.405576 0.883412 0.401547 0.880536 0.398855 0.876233 0.397910 0.871157 0.398855 0.866081 0.401547 0.861778 0.405576 0.858902 0.410328 0.857893 0.415080 0.858902 0.419109 0.861778 0.421801 0.866081
0 0.434426 0.834339 0.433372 0.840538 0.430369 0.845793 0.425875 0.849304 0.420574 0.850537 0.415273 0.849304 0.410779 0.845793 0.407776 0.840538 0.406721 0.834339 0.407776 0.828140 0.410779 0.822885 0.415273 0.819374 0.420574 0.818140 0.425875 0.819374 0.430369 0.822885 0.433372 0.828140
0 0.431516 0.857521 0.430072 0.862170 0.425959 0.866111 0.419803 0.868745 0.412541 0.869669 0.405279 0.868745 0.399123 0.866111 0.395010 0.862170 0.393566 0.857521 0.395010 0.852872 0.399123 0.848930 0.405279 0.846297 0.412541 0.845372 0.419803 0.846297 0.425959 0.848930 0.430072 0.852872
0 0.459221 0.864545 0.457861 0.869337 0.453988 0.873399 0.448191 0.876113 0.441352 0.877066 0.434514 0.876113 0.428717 0.873399 0.424844 0.869337 0.423484 0.864545 0.424844 0.859754 0.428717 0.855692 0.434514 0.852978 0.441352 0.852025 0.448191 0.852978 0.453988 0.855692 0.457861 0.859754
0 0.489877 0.868554 0.488461 0.874041 0.484427 0.878693 0.478391 0.881801 0.471270 0.882893 0.464150 0.881801 0.458114 0.878693 0.454080 0.874041 0.452664 0.868554 0.454080 0.863066 0.458114 0.858415 0.464150 0.855306 0.471270 0.854215 0.478391 0.855306 0.484427 0.858415 0.488461 0.863066
0 0.478238 0.864545 0.477264 0.871582 0.474493 0.877548 0.470344 0.881534 0.465451 0.882934 0.460557 0.881534 0.456409 0.877548 0.453637 0.871582 0.452664 0.864545 0.453637 0.857509 0.456409 0.851543 0.460557 0.847557 0.465451 0.846157 0.470344 0.847557 0.474493 0.851543 0.477264 0.857509
0 0.476721 0.829215 0.475695 0.835698 0.472772 0.841195 0.468398 0.844867 0.463238 0.846157 0.458078 0.844867 0.453703 0.841195 0.450780 0.835698 0.449754 0.829215 0.450780 0.822731 0.453703 0.817235 0.458078 0.813562 0.463238 0.812273 0.468398 0.813562 0.472772 0.817235 0.475695 0.822731
0 0.487705 0.809339 0.486844 0.815822 0.484392 0.821319 0.480722 0.824991 0.476393 0.826281 0.472065 0.824991 0.468395 0.821319 0.465943 0.815822 0.465082 0.809339 0.465943 0.802855 0.468395 0.797359 0.472065 0.793686 0.476393 0.792397 0.480722 0.793686 0.484392 0.797359 0.486844 0.802855
0 0.475287 0.793884 0.474148 0.800368 0.470905 0.805864 0.466052 0.809537 0.460328 0.810826 0.454603 0.809537 0.449750 0.805864 0.446508 0.800368 0.445369 0.793884 0.446508 0.787401 0.449750 0.781904 0.454603 0.778232 0.460328 0.776942 0.466052 0.778232 0.470905 0.781904 0.474148 0.787401
0 0.494303 0.776198 0.493358 0.782682 0.490666 0.788178 0.486637 0.791851 0.481885 0.793140 0.477133 0.791851 0.473104 0.788178 0.470412 0.782682 0.469467 0.776198 0.470412 0.769715 0.473104 0.764218 0.477133 0.760546 0.481885 0.759256 0.486637 0.760546 0.490666 0.764218 0.493358 0.769715
0 0.537336 0.752273 0.535864 0.757491 0.531670 0.761915 0.525395 0.764871 0.517992 0.765909 0.510589 0.764871 0.504313 0.761915 0.500120 0.757491 0.498648 0.752273 0.500120 0.747054 0.504313 0.742630 0.510589 0.739674 0.517992 0.738636 0.525395 0.739674 0.531670 0.742630 0.535864 0.747054
0 0.503033 0.737562 0.502088 0.744188 0.499396 0.749805 0.495367 0.753558 0.490615 0.754876 0.485863 0.753558 0.481834 0.749805 0.479142 0.744188 0.478197 0.737562 0.479142 0.730936 0.481834 0.725319 0.485863 0.721566 0.490615 0.720248 0.495367 0.721566 0.499396 0.725319 0.502088 0.730936
0 0.568730 0.733884 0.567285 0.738249 0.563172 0.741949 0.557016 0.744421 0.549754 0.745289 0.542493 0.744421 0.536336 0.741949 0.532223 0.738249 0.530779 0.733884 0.532223 0.729520 0.536336 0.725820 0.542493 0.723347 0.549754 0.722479 0.557016 0.723347 0.563172 0.725820 0.567285 0.729520
0 0.575410 0.675413 0.574415 0.682213 0.571581 0.687978 0.567339 0.691829 0.562336 0.693182 0.557333 0.691829 0.553092 0.687978 0.550257 0.682213 0.549262 0.675413 0.550257 0.668613 0.553092 0.662849 0.557333 0.658997 0.562336 0.657645 0.567339 0.658997 0.571581 0.662849 0.574415 0.668613
0 0.574385 0.636364 0.573390 0.643733 0.570556 0.649980 0.566315 0.654154 0.561311 0.655620 0.556308 0.654154 0.552067 0.649980 0.549233 0.643733 0.548238 0.636364 0.549233 0.628995 0.552067 0.622747 0.556308 0.618573 0.561311 0.617107 0.566315 0.618573 0.570556 0.622747 0.573390 0.628995
0 0.548238 0.619132 0.547205 0.623402 0.544264 0.627021 0.539863 0.629440 0.534672 0.630289 0.529481 0.629440 0.525080 0.627021 0.522139 0.623402 0.521107 0.619132 0.522139 0.614863 0.525080 0.611243 0.529481 0.608824 0.534672 0.607975 0.539863 0.608824 0.544264 0.611243 0.547205 0.614863
0 0.570369 0.594793 0.569258 0.602558 0.566095 0.609140 0.561362 0.613538 0.555779 0.615083 0.550195 0.613538 0.545462 0.609140 0.542299 0.602558 0.541189 0.594793 0.542299 0.587029 0.545462 0.580447 0.550195 0.576049 0.555779 0.574504 0.561362 0.576049 0.566095 0.580447 0.569258 0.587029
0 0.629713 0.612521 0.628565 0.618925 0.625296 0.624354 0.620403 0.627982 0.614631 0.629256 0.608860 0.627982 0.603967 0.624354 0.600697 0.618925 0.599549 0.612521 0.600697 0.606116 0.603967 0.600687 0.608860 0.597059 0.614631 0.595785 0.620403 0.597059 0.625296 0.600687 0.628565 0.606116
0 0.607623 0.588719 0.606703 0.595313 0.604082 0.600903 0.600159 0.604639 0.595533 0.605950 0.590906 0.604639 0.586984 0.600903 0.584363 0.595313 0.583443 0.588719 0.584363 0.582125 0.586984 0.576535 0.590906 0.572799 0.595533 0.571488 0.600159 0.572799 0.604082 0.576535 0.606703 0.582125
0 0.590533 0.583636 0.589460 0.591780 0.586403 0.598684 0.581830 0.603297 0.576434 0.604917 0.571039 0.603297 0.566465 0.598684 0.563409 0.591780 0.562336 0.583636 0.563409 0.575492 0.566465 0.568588 0.571039 0.563975 0.576434 0.562355 0.581830 0.563975 0.586403 0.568588 0.589460 0.575492
0 0.584467 0.560289 0.583587 0.564559 0.581082 0.568178 0.577333 0.570597 0.572910 0.571446 0.568487 0.570597 0.564738 0.568178 0.562232 0.564559 0.561352 0.560289 0.562232 0.556020 0.564738 0.552400 0.568487 0.549982 0.572910 0.549132 0.577333 0.549982 0.581082 0.552400 0.583587 0.556020
0 0.587459 0.542066 0.586579 0.547506 0.584074 0.552118 0.580324 0.555199 0.575902 0.556281 0.571479 0.555199 0.567729 0.552118 0.565224 0.547506 0.564344 0.542066 0.565224 0.536626 0.567729 0.532015 0.571479 0.528933 0.575902 0.527851 0.580324 0.528933 0.584074 0.532015 0.586579 0.536626
0 0.592500 0.520248 0.591162 0.525482 0.587350 0.529920 0.581646 0.532884 0.574918 0.533926 0.568190 0.532884 0.562486 0.529920 0.558674 0.525482 0.557336 0.520248 0.558674 0.515014 0.562486 0.510576 0.568190 0.507611 0.574918 0.506570 0.581646 0.507611 0.587350 0.510576 0.591162 0.515014
0 0.563361 0.508058 0.562135 0.513292 0.558643 0.517729 0.553418 0.520694 0.547254 0.521736 0.541090 0.520694 0.535865 0.517729 0.532374 0.513292 0.531148 0.508058 0.532374 0.502824 0.535865 0.498386 0.541090 0.495421 0.547254 0.494380 0.553418 0.495421 0.558643 0.498386 0.562135 0.502824
0 0.533156 0.491322 0.531587 0.496367 0.527118 0.500643 0.520430 0.503501 0.512541 0.504504 0.504652 0.503501 0.497964 0.500643 0.493495 0.496367 0.491926 0.491322 0.493495 0.486278 0.497964 0.482001 0.504652 0.479144 0.512541 0.478140 0.520430 0.479144 0.527118 0.482001 0.531587 0.486278
0 0.493934 0.496405 0.492634 0.501449 0.488929 0.505726 0.483384 0.508583 0.476844 0.509587 0.470304 0.508583 0.464760 0.505726 0.461055 0.501449 0.459754 0.496405 0.461055 0.491360 0.464760 0.487084 0.470304 0.484227 0.476844 0.483223 0.483384 0.484227 0.488929 0.487084 0.492634 0.491360
0 0.518074 0.530909 0.516888 0.536728 0.513512 0.541662 0.508460 0.544958 0.502500 0.546116 0.496540 0.544958 0.491488 0.541662 0.488112 0.536728 0.486926 0.530909 0.488112 0.525090 0.491488 0.520156 0.496540 0.516860 0.502500 0.515702 0.508460 0.516860 0.513512 0.520156 0.516888 0.525090
0 0.559303 0.474091 0.558155 0.483025 0.554886 0.490600 0.549993 0.495661 0.544221 0.497438 0.538450 0.495661 0.533557 0.490600 0.530287 0.483025 0.529139 0.474091 0.530287 0.465156 0.533557 0.457582 0.538450 0.452521 0.544221 0.450744 0.549993 0.452521 0.554886 0.457582 0.558155 0.465156
0 0.591516 0.437603 0.590175 0.442648 0.586355 0.446924 0.580637 0.449782 0.573893 0.450785 0.567149 0.449782 0.561432 0.446924 0.557612 0.442648 0.556270 0.437603 0.557612 0.432559 0.561432 0.428282 0.567149 0.425425 0.573893 0.424421 0.580637 0.425425 0.586355 0.428282 0.590175 0.432559
0 0.619672 0.489298 0.618446 0.496667 0.614955 0.502914 0.609729 0.507088 0.603566 0.508554 0.597402 0.507088 0.592177 0.502914 0.588685 0.496667 0.587459 0.489298 0.588685 0.481928 0.592177 0.475681 0.597402 0.471507 0.603566 0.470041 0.609729 0.471507 0.614955 0.475681 0.618446 0.481928
0 0.609590 0.531364 0.608442 0.536835 0.605173 0.541474 0.600280 0.544573 0.594508 0.545661 0.588737 0.544573 0.583844 0.541474 0.580574 0.536835 0.579426 0.531364 0.580574 0.525892 0.583844 0.521254 0.588737 0.518154 0.594508 0.517066 0.600280 0.518154 0.605173 0.521254 0.608442 0.525892
0 0.635779 0.539008 0.634362 0.544053 0.630329 0.548329 0.624293 0.551187 0.617172 0.552190 0.610052 0.551187 0.604015 0.548329 0.599982 0.544053 0.598566 0.539008 0.599982 0.533964 0.604015 0.529687 0.610052 0.526830 0.617172 0.525826 0.624293 0.526830 0.630329 0.529687 0.634362 0.533964
0 0.656885 0.554711 0.655659 0.559170 0.652168 0.562951 0.646942 0.565477 0.640779 0.566364 0.634615 0.565477 0.629390 0.562951 0.625898 0.559170 0.624672 0.554711 0.625898 0.550251 0.629390 0.546471 0.634615 0.543945 0.640779 0.543058 0.646942 0.543945 0.652168 0.546471 0.655659 0.550251
0 0.635779 0.455826 0.634553 0.461646 0.631061 0.466579 0.625836 0.469876 0.619672 0.471033 0.613508 0.469876 0.608283 0.466579 0.604792 0.461646 0.603566 0.455826 0.604792 0.450007 0.608283 0.445074 0.613508 0.441777 0.619672 0.440620 0.625836 0.441777 0.631061 0.445074 0.634553 0.450007
0 0.653852 0.435041 0.652667 0.441825 0.649291 0.447576 0.644239 0.451419 0.638279 0.452769 0.632319 0.451419 0.627266 0.447576 0.623890 0.441825 0.622705 0.435041 0.623890 0.428257 0.627266 0.422506 0.632319 0.418663 0.638279 0.417314 0.644239 0.418663 0.649291 0.422506 0.652667 0.428257
0 0.626844 0.423636 0.625802 0.429709 0.622835 0.434857 0.618394 0.438296 0.613156 0.439504 0.607917 0.438296 0.603476 0.434857 0.600509 0.429709 0.599467 0.423636 0.600509 0.417564 0.603476 0.412416 0.607917 0.408976 0.613156 0.407769 0.618394 0.408976 0.622835 0.412416 0.625802 0.417564
0 0.674549 0.505455 0.673392 0.512302 0.670096 0.518106 0.665163 0.521985 0.659344 0.523347 0.653526 0.521985 0.648593 0.518106 0.645297 0.512302 0.644139 0.505455 0.645297 0.498607 0.648593 0.492803 0.653526 0.488924 0.659344 0.487562 0.665163 0.488924 0.670096 0.492803 0.673392 0.498607
0 0.686721 0.477314 0.685523 0.482011 0.682112 0.485992 0.677006 0.488653 0.670984 0.489587 0.664961 0.488653 0.659855 0.485992 0.656444 0.482011 0.655246 0.477314 0.656444 0.472617 0.659855 0.468636 0.664961 0.465976 0.670984 0.465041 0.677006 0.465976 0.682112 0.468636 0.685523 0.472617
0 0.714098 0.478843 0.712978 0.482954 0.709789 0.486440 0.705016 0.488769 0.699385 0.489587 0.693755 0.488769 0.688982 0.486440 0.685792 0.482954 0.684672 0.478843 0.685792 0.474732 0.688982 0.471246 0.693755 0.468917 0.699385 0.468099 0.705016 0.468917 0.709789 0.471246 0.712978 0.474732
0 0.722213 0.454835 0.720940 0.459927 0.717316 0.464243 0.711891 0.467128 0.705492 0.468140 0.699093 0.467128 0.693668 0.464243 0.690043 0.459927 0.688770 0.454835 0.690043 0.449743 0.693668 0.445426 0.699093 0.442542 0.705492 0.441529 0.711891 0.442542 0.717316 0.445426 0.720940 0.449743
0 0.755656 0.449711 0.754189 0.455578 0.750014 0.460551 0.743765 0.463874 0.736393 0.465041 0.729022 0.463874 0.722773 0.460551 0.718597 0.455578 0.717131 0.449711 0.718597 0.443844 0.722773 0.438870 0.729022 0.435547 0.736393 0.434380 0.743765 0.435547 0.750014 0.438870 0.754189 0.443844
0 0.683525 0.532851 0.682486 0.537722 0.679527 0.541851 0.675100 0.544610 0.669877 0.545579 0.664654 0.544610 0.660227 0.541851 0.657268 0.537722 0.656230 0.532851 0.657268 0.527981 0.660227 0.523852 0.664654 0.521093 0.669877 0.520124 0.675100 0.521093 0.679527 0.523852 0.682486 0.527981
6 0.255656 0.995041 0.220902 0.910950 0.241762 0.791818 0.217418 0.690165 0.154877 0.711198 0.102746 0.641116 0.057582 0.648140 0.000000 0.624380 0.000000 1.000000 0.226189 1.000000
6 0.888279 1.000000 0.922951 0.945992 1.000000 0.911818 1.000000 1.000000
6 0.999385 0.763760 0.909057 0.697190 0.846475 0.567521 0.881230 0.469421 0.999385 0.385331
6 0.428934 0.647521 0.536148 0.584504 0.618770 0.494421 0.596434 0.361570 0.567418 0.248967 0.487008 0.199421 0.368648 0.181405 0.299426 0.215207 0.234631 0.296240 0.196680 0.359298 0.227951 0.465124 0.230164 0.552975 0.321762 0.589008 0.332910 0.625000
6 0.062664 0.375083 0.118525 0.377314 0.160943 0.354793 0.174344 0.300744 0.152008 0.251240 0.102869 0.246736 0.053730 0.287273 0.044836 0.314256