2 1.000000 0.363388 0.999668 0.370504 0.995803 0.376537 0.990019 0.380568 0.983197 0.381983 0.976374 0.380568 0.970591 0.376537 0.966726 0.370504 0.965369 0.363388 0.966726 0.356272 0.970591 0.350240 0.976374 0.346209 0.983197 0.344793 0.990019 0.346209 0.995803 0.350240 0.999668 0.356272
2 0.834426 0.406157 0.833116 0.412087 0.829385 0.417114 0.823800 0.420473 0.817213 0.421653 0.810626 0.420473 0.805042 0.417114 0.801310 0.412087 0.800000 0.406157 0.801310 0.400227 0.805042 0.395200 0.810626 0.391841 0.817213 0.390661 0.823800 0.391841 0.829385 0.395200 0.833116 0.400227
2 0.866393 0.400579 0.865036 0.406271 0.861172 0.411097 0.855388 0.414322 0.848566 0.415455 0.841743 0.414322 0.835959 0.411097 0.832095 0.406271 0.830738 0.400579 0.832095 0.394886 0.835959 0.390060 0.841743 0.386835 0.848566 0.385702 0.855388 0.386835 0.861172 0.390060 0.865036 0.394886
2 0.886926 0.981446 0.885522 0.988293 0.881525 0.994098 0.875541 0.997977 0.868484 0.999339 0.861426 0.997977 0.855443 0.994098 0.851445 0.988293 0.850041 0.981446 0.851445 0.974599 0.855443 0.968794 0.861426 0.964916 0.868484 0.963554 0.875541 0.964916 0.881525 0.968794 0.885522 0.974599
2 0.908648 0.962810 0.907381 0.969799 0.903774 0.975725 0.898376 0.979684 0.892008 0.981074 0.885641 0.979684 0.880242 0.975725 0.876635 0.969799 0.875369 0.962810 0.876635 0.955820 0.880242 0.949895 0.885641 0.945936 0.892008 0.944545 0.898376 0.945936 0.903774 0.949895 0.907381 0.955820
2 0.924590 0.941653 0.923598 0.947235 0.920773 0.951967 0.916545 0.955129 0.911557 0.956240 0.906570 0.955129 0.902342 0.951967 0.899517 0.947235 0.898525 0.941653 0.899517 0.936071 0.902342 0.931338 0.906570 0.928176 0.911557 0.927066 0.916545 0.928176 0.920773 0.931338 0.923598 0.936071
2 0.064057 0.849132 0.062872 0.854999 0.059496 0.859973 0.054443 0.863296 0.048484 0.864463 0.042524 0.863296 0.037471 0.859973 0.034095 0.854999 0.032910 0.849132 0.034095 0.843265 0.037471 0.838292 0.042524 0.834969 0.048484 0.833802 0.054443 0.834969 0.059496 0.838292 0.062872 0.843265
2 0.044098 0.829008 0.042423 0.837642 0.037652 0.844962 0.030512 0.849853 0.022090 0.851570 0.013668 0.849853 0.006528 0.844962 0.001757 0.837642 0.000082 0.829008 0.001757 0.820374 0.006528 0.813055 0.013668 0.808164 0.022090 0.806446 0.030512 0.808164 0.037652 0.813055 0.042423 0.820374
2 0.186475 0.271446 0.185296 0.277882 0.181938 0.283339 0.176912 0.286984 0.170984 0.288264 0.165055 0.286984 0.160029 0.283339 0.156671 0.277882 0.155492 0.271446 0.156671 0.265010 0.160029 0.259554 0.165055 0.255908 0.170984 0.254628 0.176912 0.255908 0.181938 0.259554 0.185296 0.265010
2 0.194262 0.238223 0.192609 0.246304 0.187900 0.253154 0.180853 0.257732 0.172541 0.259339 0.164229 0.257732 0.157182 0.253154 0.152473 0.246304 0.150820 0.238223 0.152473 0.230143 0.157182 0.223292 0.164229 0.218715 0.172541 0.217107 0.180853 0.218715 0.187900 0.223292 0.192609 0.230143
2 0.203525 0.202645 0.201962 0.210267 0.197511 0.216728 0.190849 0.221046 0.182992 0.222562 0.175134 0.221046 0.168473 0.216728 0.164022 0.210267 0.162459 0.202645 0.164022 0.195023 0.168473 0.188561 0.175134 0.184243 0.182992 0.182727 0.190849 0.184243 0.197511 0.188561 0.201962 0.195023
2 0.148484 0.200702 0.146921 0.208483 0.142470 0.215078 0.135808 0.219485 0.127951 0.221033 0.120093 0.219485 0.113432 0.215078 0.108981 0.208483 0.107418 0.200702 0.108981 0.192922 0.113432 0.186327 0.120093 0.181919 0.127951 0.180372 0.135808 0.181919 0.142470 0.186327 0.146921 0.192922
2 0.109754 0.212438 0.108484 0.219317 0.104869 0.225148 0.099457 0.229045 0.093074 0.230413 0.086690 0.229045 0.081279 0.225148 0.077663 0.219317 0.076393 0.212438 0.077663 0.205559 0.081279 0.199728 0.086690 0.195831 0.093074 0.194463 0.099457 0.195831 0.104869 0.199728 0.108484 0.205559
2 0.124508 0.172562 0.123563 0.178840 0.120871 0.184162 0.116842 0.187718 0.112090 0.188967 0.107338 0.187718 0.103309 0.184162 0.100617 0.178840 0.099672 0.172562 0.100617 0.166284 0.103309 0.160962 0.107338 0.157406 0.112090 0.156157 0.116842 0.157406 0.120871 0.160962 0.123563 0.166284
5 0.089370 0.233387 0.108755 0.274048 0.130917 0.263307 0.111532 0.222646
5 0.150898 0.226153 0.134627 0.271484 0.157750 0.279921 0.174020 0.234590
5 0.143012 0.186978 0.248422 0.065863 0.229939 0.049509 0.124529 0.170625
5 0.185466 0.257440 0.230570 0.288451 0.254023 0.317746 0.273719 0.389016 0.292333 0.409658 0.307907 0.412922 0.312912 0.388648 0.304846 0.390323 0.295608 0.378618 0.275659 0.307003 0.247362 0.270741 0.199534 0.237105
5 0.197665 0.226565 0.218633 0.232632 0.244389 0.250405 0.257750 0.271810 0.278562 0.258604 0.262023 0.233773 0.229589 0.210790 0.205122 0.202939
5 0.208448 0.200346 0.232173 0.176463 0.242848 0.137502 0.244918 0.117006 0.256641 0.113177 0.271067 0.117805 0.278523 0.094179 0.258033 0.089193 0.231169 0.100225 0.219589 0.129570 0.212166 0.163869 0.192125 0.181803
5 0.795058 0.403964 0.713951 0.460988 0.728016 0.481326 0.809123 0.424301
5 0.009371 0.853667 0.016748 0.966436 0.041285 0.964804 0.033908 0.852035
5 0.037945 0.812727 0.058463 0.777236 0.054775 0.740087 0.030307 0.742557 0.036071 0.771488 0.017628 0.798760
5 0.039346 0.789479 0.073539 0.807204 0.106736 0.830758 0.120887 0.810482 0.086269 0.786058 0.050654 0.767463