2 0.753525 0.263347 0.752277 0.269989 0.748723 0.275619 0.743405 0.279381 0.737131 0.280702 0.730858 0.279381 0.725539 0.275619 0.721986 0.269989 0.720738 0.263347 0.721986 0.256705 0.725539 0.251075 0.730858 0.247313 0.737131 0.245992 0.743405 0.247313 0.748723 0.251075 0.752277 0.256705
2 0.774877 0.684298 0.773629 0.690623 0.770076 0.695985 0.764757 0.699568 0.758484 0.700826 0.752210 0.699568 0.746892 0.695985 0.743338 0.690623 0.742090 0.684298 0.743338 0.677972 0.746892 0.672610 0.752210 0.669027 0.758484 0.667769 0.764757 0.669027 0.770076 0.672610 0.773629 0.677972
5 0.734596 0.777746 0.842874 0.771134 0.841388 0.746386 0.733109 0.752998
2 0.737131 0.766983 0.735696 0.773941 0.731609 0.779840 0.725493 0.783781 0.718279 0.785165 0.711064 0.783781 0.704948 0.779840 0.700861 0.773941 0.699426 0.766983 0.700861 0.760026 0.704948 0.754127 0.711064 0.750186 0.718279 0.748802 0.725493 0.750186 0.731609 0.754127 0.735696 0.760026
2 0.368033 0.543678 0.366785 0.549370 0.363231 0.554197 0.357913 0.557421 0.351639 0.558554 0.345366 0.557421 0.340047 0.554197 0.336494 0.549370 0.335246 0.543678 0.336494 0.537985 0.340047 0.533159 0.345366 0.529934 0.351639 0.528802 0.357913 0.529934 0.363231 0.533159 0.366785 0.537985
2 0.308975 0.608223 0.307790 0.614548 0.304414 0.619911 0.299361 0.623494 0.293402 0.624752 0.287442 0.623494 0.282389 0.619911 0.279013 0.614548 0.277828 0.608223 0.279013 0.601898 0.282389 0.596535 0.287442 0.592952 0.293402 0.591694 0.299361 0.592952 0.304414 0.596535 0.307790 0.601898
2 0.226926 0.413843 0.225678 0.419852 0.222125 0.424946 0.216806 0.428350 0.210533 0.429545 0.204259 0.428350 0.198941 0.424946 0.195387 0.419852 0.194139 0.413843 0.195387 0.407834 0.198941 0.402740 0.204259 0.399336 0.210533 0.398140 0.216806 0.399336 0.222125 0.402740 0.225678 0.407834
5 0.000000 0.089994 0.067936 0.109126 0.074277 0.085171 0.003170 0.066039
5 0.666058 0.000000 0.609911 0.054067 0.628122 0.070727 0.684270 0.008330
5 0.227116 0.410317 0.265275 0.354179 0.271832 0.319468 0.247676 0.314829 0.243171 0.344683 0.207065 0.395964
5 0.313633 0.600123 0.322958 0.572880 0.347548 0.559657 0.335976 0.537781 0.305958 0.556860 0.291204 0.589959
5 0.747888 0.278034 0.823379 0.292910 0.828096 0.268577 0.752604 0.253701
5 0.855530 0.491121 0.926062 0.469592 0.918938 0.445862 0.848405 0.467391
5 0.982693 0.556488 0.950604 0.590112 0.928360 0.646048 0.933278 0.689064 0.957706 0.686225 0.951855 0.649557 0.970585 0.603801 1.000000 0.574008
5 0.770712 0.746335 0.773991 0.695054 0.749452 0.693459 0.746173 0.744740
2 0.776516 0.757893 0.775144 0.765167 0.771235 0.771333 0.765384 0.775454 0.758484 0.776901 0.751583 0.775454 0.745733 0.771333 0.741823 0.765167 0.740451 0.757893 0.741823 0.750618 0.745733 0.744452 0.751583 0.740331 0.758484 0.738884 0.765384 0.740331 0.771235 0.744452 0.775144 0.750618
2 0.853607 0.484132 0.852171 0.491090 0.848085 0.496989 0.841969 0.500930 0.834754 0.502314 0.827540 0.500930 0.821423 0.496989 0.817337 0.491090 0.815902 0.484132 0.817337 0.477174 0.821423 0.471276 0.827540 0.467334 0.834754 0.465950 0.841969 0.467334 0.848085 0.471276 0.852171 0.477174