2 0.997705 0.341612 0.996342 0.348016 0.992459 0.353445 0.986649 0.357073 0.979795 0.358347 0.972941 0.357073 0.967131 0.353445 0.963249 0.348016 0.961885 0.341612 0.963249 0.335207 0.967131 0.329778 0.972941 0.326150 0.979795 0.324876 0.986649 0.326150 0.992459 0.329778 0.996342 0.335207
2 0.855820 0.406033 0.854603 0.410967 0.851138 0.415149 0.845953 0.417944 0.839836 0.418926 0.833719 0.417944 0.828534 0.415149 0.825069 0.410967 0.823852 0.406033 0.825069 0.401099 0.828534 0.396917 0.833719 0.394122 0.839836 0.393140 0.845953 0.394122 0.851138 0.396917 0.854603 0.401099
2 0.822623 0.407314 0.821260 0.413228 0.817377 0.418242 0.811567 0.421592 0.804713 0.422769 0.797859 0.421592 0.792049 0.418242 0.788167 0.413228 0.786803 0.407314 0.788167 0.401400 0.792049 0.396386 0.797859 0.393036 0.804713 0.391860 0.811567 0.393036 0.817377 0.396386 0.821260 0.401400
2 0.158074 0.241322 0.157072 0.246920 0.154221 0.251666 0.149953 0.254837 0.144918 0.255950 0.139884 0.254837 0.135616 0.251666 0.132764 0.246920 0.131762 0.241322 0.132764 0.235724 0.135616 0.230979 0.139884 0.227808 0.144918 0.226694 0.149953 0.227808 0.154221 0.230979 0.157072 0.235724
2 0.178074 0.215248 0.176726 0.222079 0.172888 0.227871 0.167144 0.231740 0.160369 0.233099 0.153593 0.231740 0.147850 0.227871 0.144012 0.222079 0.142664 0.215248 0.144012 0.208417 0.147850 0.202625 0.153593 0.198756 0.160369 0.197397 0.167144 0.198756 0.172888 0.202625 0.176726 0.208417
2 0.200779 0.183223 0.199568 0.189359 0.196121 0.194560 0.190962 0.198036 0.184877 0.199256 0.178792 0.198036 0.173633 0.194560 0.170186 0.189359 0.168975 0.183223 0.170186 0.177088 0.173633 0.171886 0.178792 0.168411 0.184877 0.167190 0.190962 0.168411 0.196121 0.171886 0.199568 0.177088
2 0.151721 0.192810 0.149856 0.199815 0.144543 0.205754 0.136592 0.209722 0.127213 0.211116 0.117834 0.209722 0.109883 0.205754 0.104570 0.199815 0.102705 0.192810 0.104570 0.185805 0.109883 0.179866 0.117834 0.175898 0.127213 0.174504 0.136592 0.175898 0.144543 0.179866 0.149856 0.185805
2 0.105451 0.196942 0.104275 0.202730 0.100925 0.207636 0.095913 0.210915 0.090000 0.212066 0.084087 0.210915 0.079075 0.207636 0.075725 0.202730 0.074549 0.196942 0.075725 0.191154 0.079075 0.186248 0.084087 0.182969 0.090000 0.181818 0.095913 0.182969 0.100925 0.186248 0.104275 0.191154
2 0.049795 0.844132 0.048700 0.850062 0.045582 0.855089 0.040915 0.858449 0.035410 0.859628 0.029905 0.858449 0.025238 0.855089 0.022120 0.850062 0.021025 0.844132 0.022120 0.838202 0.025238 0.833175 0.029905 0.829816 0.035410 0.828636 0.040915 0.829816 0.045582 0.833175 0.048700 0.838202
2 0.023852 0.820868 0.022246 0.829391 0.017670 0.836617 0.010823 0.841445 0.002746 0.843140 0.000000 0.841445 0.000000 0.836617 0.000000 0.829391 0.000000 0.820868 0.000000 0.812344 0.000000 0.805119 0.000000 0.800290 0.002746 0.798595 0.010823 0.800290 0.017670 0.805119 0.022246 0.812344
2 0.877582 0.994215 0.875975 1.000000 0.871400 1.000000 0.864553 1.000000 0.856475 1.000000 0.848398 1.000000 0.841551 1.000000 0.836975 1.000000 0.835369 0.994215 0.836975 0.986055 0.841551 0.979138 0.848398 0.974516 0.856475 0.972893 0.864553 0.974516 0.871400 0.979138 0.875975 0.986055
2 0.894918 0.959339 0.893455 0.966755 0.889288 0.973043 0.883052 0.977244 0.875697 0.978719 0.868341 0.977244 0.862105 0.973043 0.857939 0.966755 0.856475 0.959339 0.857939 0.951922 0.862105 0.945635 0.868341 0.941434 0.875697 0.939959 0.883052 0.941434 0.889288 0.945635 0.893455 0.951922
2 0.909303 0.938058 0.908243 0.943245 0.905222 0.947642 0.900701 0.950580 0.895369 0.951612 0.890036 0.950580 0.885516 0.947642 0.882495 0.943245 0.881434 0.938058 0.882495 0.932871 0.885516 0.928474 0.890036 0.925536 0.895369 0.924504 0.900701 0.925536 0.905222 0.928474 0.908243 0.932871
5 0.024746 0.808431 0.037406 0.776588 0.039373 0.732332 0.014807 0.731222 0.013819 0.771156 0.002139 0.798677
5 0.784407 0.402059 0.737071 0.426440 0.748257 0.448519 0.795593 0.424139
5 0.152055 0.180635 0.169607 0.144265 0.208870 0.116703 0.194819 0.096355 0.151716 0.128291 0.130322 0.169034
5 0.207100 0.190186 0.243349 0.163967 0.258799 0.111240 0.235217 0.104215 0.225114 0.149897 0.194212 0.169070
5 0.156958 0.237799 0.189810 0.317633 0.170752 0.353625 0.192445 0.365301 0.212222 0.319267 0.180091 0.229391