5 0.773341 0.810270 0.777731 0.780280 0.789944 0.743296 0.766613 0.735464 0.753913 0.774482 0.749036 0.806507
5 0.753007 0.794232 0.788959 0.780622 0.813386 0.758474 0.796942 0.740039 0.776706 0.759694 0.744944 0.770809
5 0.969016 0.717190 0.967673 0.677247 0.996976 0.619354 0.975073 0.608084 0.944426 0.671612 0.944426 0.717190
5 0.316221 0.612799 0.354131 0.564741 0.334886 0.549308 0.296976 0.597366
5 0.236809 0.428095 0.258775 0.406457 0.275907 0.374391 0.254257 0.362633 0.239544 0.391533 0.219994 0.410004
2 0.978648 0.466488 0.976879 0.472386 0.971841 0.477386 0.964303 0.480728 0.955410 0.481901 0.946517 0.480728 0.938978 0.477386 0.933941 0.472386 0.932172 0.466488 0.933941 0.460589 0.938978 0.455589 0.946517 0.452248 0.955410 0.451074 0.964303 0.452248 0.971841 0.455589 0.976879 0.460589
5 0.869052 0.499776 0.939953 0.475107 0.931932 0.451670 0.861030 0.476339
5 0.767036 0.321686 0.819669 0.327888 0.875898 0.322970 0.873774 0.298270 0.820095 0.303232 0.770013 0.297075
5 0.672271 0.075168 0.707722 0.046820 0.692442 0.027394 0.656991 0.055742
2 0.841557 0.761942 0.840200 0.768078 0.836336 0.773279 0.830552 0.776755 0.823730 0.777975 0.816907 0.776755 0.811123 0.773279 0.807259 0.768078 0.805902 0.761942 0.807259 0.755807 0.811123 0.750605 0.816907 0.747130 0.823730 0.745909 0.830552 0.747130 0.836336 0.750605 0.840200 0.755807
2 0.785246 0.832273 0.783951 0.839341 0.780264 0.845334 0.774746 0.849338 0.768238 0.850744 0.761729 0.849338 0.756211 0.845334 0.752524 0.839341 0.751230 0.832273 0.752524 0.825204 0.756211 0.819212 0.761729 0.815208 0.768238 0.813802 0.774746 0.815208 0.780264 0.819212 0.783951 0.825204
2 0.820984 0.779959 0.819520 0.786679 0.815354 0.792377 0.809118 0.796184 0.801762 0.797521 0.794407 0.796184 0.788171 0.792377 0.784004 0.786679 0.782541 0.779959 0.784004 0.773238 0.788171 0.767540 0.794407 0.763734 0.801762 0.762397 0.809118 0.763734 0.815354 0.767540 0.819520 0.773238
2 0.746762 0.785372 0.745368 0.792093 0.741397 0.797790 0.735453 0.801597 0.728443 0.802934 0.721432 0.801597 0.715489 0.797790 0.711517 0.792093 0.710123 0.785372 0.711517 0.778651 0.715489 0.772954 0.721432 0.769147 0.728443 0.767810 0.735453 0.769147 0.741397 0.772954 0.745368 0.778651
2 0.797746 0.765992 0.796248 0.773930 0.791984 0.780660 0.785602 0.785157 0.778074 0.786736 0.770546 0.785157 0.764163 0.780660 0.759899 0.773930 0.758402 0.765992 0.759899 0.758053 0.764163 0.751324 0.770546 0.746827 0.778074 0.745248 0.785602 0.746827 0.791984 0.751324 0.796248 0.758053
2 0.810287 0.711901 0.809061 0.718795 0.805569 0.724640 0.800344 0.728546 0.794180 0.729917 0.788017 0.728546 0.782791 0.724640 0.779300 0.718795 0.778074 0.711901 0.779300 0.705006 0.782791 0.699161 0.788017 0.695256 0.794180 0.693884 0.800344 0.695256 0.805569 0.699161 0.809061 0.705006
2 0.792418 0.690702 0.790818 0.698119 0.786260 0.704406 0.779439 0.708607 0.771393 0.710083 0.763348 0.708607 0.756527 0.704406 0.751969 0.698119 0.750369 0.690702 0.751969 0.683286 0.756527 0.676999 0.763348 0.672798 0.771393 0.671322 0.779439 0.672798 0.786260 0.676999 0.790818 0.683286
2 0.764672 0.663926 0.762938 0.671943 0.757998 0.678740 0.750605 0.683281 0.741885 0.684876 0.733165 0.683281 0.725772 0.678740 0.720833 0.671943 0.719098 0.663926 0.720833 0.655908 0.725772 0.649111 0.733165 0.644570 0.741885 0.642975 0.750605 0.644570 0.757998 0.649111 0.762938 0.655908
2 0.983975 0.769587 0.982818 0.775865 0.979522 0.781187 0.974589 0.784743 0.968770 0.785992 0.962952 0.784743 0.958019 0.781187 0.954723 0.775865 0.953566 0.769587 0.954723 0.763309 0.958019 0.757987 0.962952 0.754431 0.968770 0.753182 0.974589 0.754431 0.979522 0.757987 0.982818 0.763309
2 0.978484 0.736777 0.977205 0.743893 0.973562 0.749926 0.968111 0.753956 0.961680 0.755372 0.955250 0.753956 0.949799 0.749926 0.946156 0.743893 0.944877 0.736777 0.946156 0.729661 0.949799 0.723628 0.955250 0.719597 0.961680 0.718182 0.968111 0.719597 0.973562 0.723628 0.977205 0.729661
2 0.952500 0.671157 0.951302 0.676597 0.947891 0.681208 0.942785 0.684290 0.936762 0.685372 0.930740 0.684290 0.925634 0.681208 0.922223 0.676597 0.921025 0.671157 0.922223 0.665717 0.925634 0.661106 0.930740 0.658024 0.936762 0.656942 0.942785 0.658024 0.947891 0.661106 0.951302 0.665717
2 1.000000 0.480248 1.000000 0.487158 1.000000 0.493017 0.996402 0.496931 0.989344 0.498306 0.982287 0.496931 0.976303 0.493017 0.972306 0.487158 0.970902 0.480248 0.972306 0.473337 0.976303 0.467479 0.982287 0.463565 0.989344 0.462190 0.996402 0.463565 1.000000 0.467479 1.000000 0.473337
2 0.853730 0.573223 0.852656 0.579295 0.849600 0.584443 0.845026 0.587883 0.839631 0.589091 0.834236 0.587883 0.829662 0.584443 0.826606 0.579295 0.825533 0.573223 0.826606 0.567151 0.829662 0.562003 0.834236 0.558563 0.839631 0.557355 0.845026 0.558563 0.849600 0.562003 0.852656 0.567151
2 0.855902 0.536033 0.854828 0.544193 0.851772 0.551110 0.847198 0.555732 0.841803 0.557355 0.836408 0.555732 0.831834 0.551110 0.828778 0.544193 0.827705 0.536033 0.828778 0.527873 0.831834 0.520956 0.836408 0.516334 0.841803 0.514711 0.847198 0.516334 0.851772 0.520956 0.854828 0.527873
2 0.866762 0.493926 0.865318 0.501469 0.861205 0.507863 0.855048 0.512136 0.847787 0.513636 0.840525 0.512136 0.834369 0.507863 0.830256 0.501469 0.828811 0.493926 0.830256 0.486383 0.834369 0.479988 0.840525 0.475715 0.847787 0.474215 0.855048 0.475715 0.861205 0.479988 0.865318 0.486383
2 0.798279 0.015248 0.796716 0.021890 0.792265 0.027520 0.785603 0.031282 0.777746 0.032603 0.769888 0.031282 0.763227 0.027520 0.758776 0.021890 0.757213 0.015248 0.758776 0.008606 0.763227 0.002976 0.769888 0.000000 0.777746 0.000000 0.785603 0.000000 0.792265 0.002976 0.796716 0.008606
2 0.773115 0.017273 0.771552 0.024689 0.767101 0.030977 0.760440 0.035178 0.752582 0.036653 0.744724 0.035178 0.738063 0.030977 0.733612 0.024689 0.732049 0.017273 0.733612 0.009856 0.738063 0.003569 0.744724 0.000000 0.752582 0.000000 0.760440 0.000000 0.767101 0.003569 0.771552 0.009856
2 0.741311 0.024628 0.739699 0.032804 0.735106 0.039734 0.728231 0.044366 0.720123 0.045992 0.712014 0.044366 0.705140 0.039734 0.700547 0.032804 0.698934 0.024628 0.700547 0.016453 0.705140 0.009522 0.712014 0.004891 0.720123 0.003264 0.728231 0.004891 0.735106 0.009522 0.739699 0.016453
2 0.663156 0.019256 0.662148 0.025898 0.659279 0.031528 0.654984 0.035290 0.649918 0.036612 0.644852 0.035290 0.640558 0.031528 0.637688 0.025898 0.636680 0.019256 0.637688 0.012615 0.640558 0.006984 0.644852 0.003222 0.649918 0.001901 0.654984 0.003222 0.659279 0.006984 0.662148 0.012615
2 0.673770 0.080041 0.672257 0.087964 0.667949 0.094680 0.661500 0.099168 0.653893 0.100744 0.646287 0.099168 0.639838 0.094680 0.635529 0.087964 0.634016 0.080041 0.635529 0.072119 0.639838 0.065402 0.646287 0.060915 0.653893 0.059339 0.661500 0.060915 0.667949 0.065402 0.672257 0.072119
2 0.631393 0.072686 0.629781 0.079328 0.625187 0.084958 0.618313 0.088720 0.610205 0.090041 0.602096 0.088720 0.595222 0.084958 0.590629 0.079328 0.589016 0.072686 0.590629 0.066044 0.595222 0.060414 0.602096 0.056652 0.610205 0.055331 0.618313 0.056652 0.625187 0.060414 0.629781 0.066044
2 0.634057 0.110744 0.632444 0.119172 0.627851 0.126318 0.620977 0.131092 0.612869 0.132769 0.604760 0.131092 0.597886 0.126318 0.593293 0.119172 0.591680 0.110744 0.593293 0.102315 0.597886 0.095170 0.604760 0.090396 0.612869 0.088719 0.620977 0.090396 0.627851 0.095170 0.632444 0.102315
2 0.581066 0.100744 0.579755 0.106879 0.576024 0.112081 0.570440 0.115556 0.563852 0.116777 0.557265 0.115556 0.551681 0.112081 0.547950 0.106879 0.546639 0.100744 0.547950 0.094608 0.551681 0.089407 0.557265 0.085931 0.563852 0.084711 0.570440 0.085931 0.576024 0.089407 0.579755 0.094608
2 0.620779 0.145455 0.619419 0.152349 0.615545 0.158194 0.609748 0.162100 0.602910 0.163471 0.596072 0.162100 0.590275 0.158194 0.586401 0.152349 0.585041 0.145455 0.586401 0.138560 0.590275 0.132715 0.596072 0.128809 0.602910 0.127438 0.609748 0.128809 0.615545 0.132715 0.619419 0.138560
2 0.910861 0.304380 0.909398 0.309741 0.905231 0.314286 0.898995 0.317322 0.891639 0.318388 0.884284 0.317322 0.878048 0.314286 0.873881 0.309741 0.872418 0.304380 0.873881 0.299019 0.878048 0.294475 0.884284 0.291438 0.891639 0.290372 0.898995 0.291438 0.905231 0.294475 0.909398 0.299019
2 0.930820 0.274793 0.929491 0.283064 0.925706 0.290075 0.920042 0.294760 0.913361 0.296405 0.906679 0.294760 0.901015 0.290075 0.897231 0.283064 0.895902 0.274793 0.897231 0.266523 0.901015 0.259512 0.906679 0.254827 0.913361 0.253182 0.920042 0.254827 0.925706 0.259512 0.929491 0.266523
2 0.751598 0.297521 0.750740 0.304479 0.748297 0.310377 0.744641 0.314318 0.740328 0.315702 0.736015 0.314318 0.732358 0.310377 0.729915 0.304479 0.729057 0.297521 0.729915 0.290563 0.732358 0.284664 0.736015 0.280723 0.740328 0.279339 0.744641 0.280723 0.748297 0.284664 0.750740 0.290563
2 0.769672 0.310620 0.768384 0.316487 0.764715 0.321460 0.759223 0.324783 0.752746 0.325950 0.746269 0.324783 0.740777 0.321460 0.737108 0.316487 0.735820 0.310620 0.737108 0.304753 0.740777 0.299779 0.746269 0.296456 0.752746 0.295289 0.759223 0.296456 0.764715 0.299779 0.768384 0.304753
2 0.736967 0.281074 0.735850 0.286941 0.732670 0.291915 0.727910 0.295238 0.722295 0.296405 0.716680 0.295238 0.711920 0.291915 0.708740 0.286941 0.707623 0.281074 0.708740 0.275208 0.711920 0.270234 0.716680 0.266911 0.722295 0.265744 0.727910 0.266911 0.732670 0.270234 0.735850 0.275208
2 0.284918 0.343554 0.283801 0.353342 0.280621 0.361640 0.275861 0.367185 0.270246 0.369132 0.264631 0.367185 0.259871 0.361640 0.256691 0.353342 0.255574 0.343554 0.256691 0.333765 0.259871 0.325467 0.264631 0.319922 0.270246 0.317975 0.275861 0.319922 0.280621 0.325467 0.283801 0.333765
2 0.289426 0.300372 0.287966 0.307978 0.283808 0.314426 0.277586 0.318735 0.270246 0.320248 0.262906 0.318735 0.256683 0.314426 0.252526 0.307978 0.251066 0.300372 0.252526 0.292766 0.256683 0.286317 0.262906 0.282009 0.270246 0.280496 0.277586 0.282009 0.283808 0.286317 0.287966 0.292766
2 0.300697 0.327645 0.299624 0.333084 0.296567 0.337696 0.291994 0.340777 0.286598 0.341860 0.281203 0.340777 0.276629 0.337696 0.273573 0.333084 0.272500 0.327645 0.273573 0.322205 0.276629 0.317593 0.281203 0.314512 0.286598 0.313430 0.291994 0.314512 0.296567 0.317593 0.299624 0.322205
2 0.299549 0.416322 0.298177 0.423059 0.294267 0.428770 0.288417 0.432586 0.281516 0.433926 0.274616 0.432586 0.268765 0.428770 0.264856 0.423059 0.263484 0.416322 0.264856 0.409586 0.268765 0.403875 0.274616 0.400059 0.281516 0.398719 0.288417 0.400059 0.294267 0.403875 0.298177 0.409586
2 0.317582 0.430537 0.316596 0.435329 0.313789 0.439391 0.309587 0.442105 0.304631 0.443058 0.299675 0.442105 0.295474 0.439391 0.292666 0.435329 0.291680 0.430537 0.292666 0.425746 0.295474 0.421684 0.299675 0.418970 0.304631 0.418017 0.309587 0.418970 0.313789 0.421684 0.316596 0.425746
2 0.229631 0.433926 0.228645 0.440457 0.225838 0.445993 0.221636 0.449693 0.216680 0.450992 0.211724 0.449693 0.207523 0.445993 0.204715 0.440457 0.203730 0.433926 0.204715 0.427395 0.207523 0.421858 0.211724 0.418159 0.216680 0.416860 0.221636 0.418159 0.225838 0.421858 0.228645 0.427395
2 0.218361 0.463471 0.217203 0.469559 0.213907 0.474721 0.208974 0.478169 0.203156 0.479380 0.197337 0.478169 0.192404 0.474721 0.189108 0.469559 0.187951 0.463471 0.189108 0.457383 0.192404 0.452222 0.197337 0.448773 0.203156 0.447562 0.208974 0.448773 0.213907 0.452222 0.217203 0.457383
2 0.078074 0.105248 0.076536 0.113044 0.072156 0.119653 0.065601 0.124069 0.057869 0.125620 0.050137 0.124069 0.043582 0.119653 0.039202 0.113044 0.037664 0.105248 0.039202 0.097452 0.043582 0.090843 0.050137 0.086427 0.057869 0.084876 0.065601 0.086427 0.072156 0.090843 0.076536 0.097452
2 0.078074 0.072355 0.076536 0.079550 0.072156 0.085650 0.065601 0.089726 0.057869 0.091157 0.050137 0.089726 0.043582 0.085650 0.039202 0.079550 0.037664 0.072355 0.039202 0.065160 0.043582 0.059061 0.050137 0.054985 0.057869 0.053554 0.065601 0.054985 0.072156 0.059061 0.076536 0.065160
2 0.123115 0.091942 0.121517 0.098837 0.116969 0.104682 0.110161 0.108587 0.102131 0.109959 0.094101 0.108587 0.087293 0.104682 0.082745 0.098837 0.081148 0.091942 0.082745 0.085048 0.087293 0.079203 0.094101 0.075297 0.102131 0.073926 0.110161 0.075297 0.116969 0.079203 0.121517 0.085048
2 0.161967 0.091942 0.160429 0.098236 0.156049 0.103571 0.149494 0.107137 0.141762 0.108388 0.134030 0.107137 0.127475 0.103571 0.123095 0.098236 0.121557 0.091942 0.123095 0.085648 0.127475 0.080313 0.134030 0.076748 0.141762 0.075496 0.149494 0.076748 0.156049 0.080313 0.160429 0.085648
2 0.389713 0.510083 0.388138 0.517863 0.383651 0.524459 0.376937 0.528866 0.369016 0.530413 0.361096 0.528866 0.354382 0.524459 0.349895 0.517863 0.348320 0.510083 0.349895 0.502302 0.354382 0.495707 0.361096 0.491300 0.369016 0.489752 0.376937 0.491300 0.383651 0.495707 0.388138 0.502302
2 0.376967 0.543264 0.375432 0.551456 0.371061 0.558400 0.364520 0.563040 0.356803 0.564669 0.349087 0.563040 0.342545 0.558400 0.338174 0.551456 0.336639 0.543264 0.338174 0.535073 0.342545 0.528129 0.349087 0.523489 0.356803 0.521860 0.364520 0.523489 0.371061 0.528129 0.375432 0.535073
2 0.284672 0.648099 0.282975 0.655879 0.278142 0.662475 0.270909 0.666882 0.262377 0.668430 0.253845 0.666882 0.246612 0.662475 0.241779 0.655879 0.240082 0.648099 0.241779 0.640319 0.246612 0.633723 0.253845 0.629316 0.262377 0.627769 0.270909 0.629316 0.278142 0.633723 0.282975 0.640319
2 0.316516 0.622975 0.314900 0.630961 0.310298 0.637731 0.303411 0.642255 0.295287 0.643843 0.287163 0.642255 0.280275 0.637731 0.275673 0.630961 0.274057 0.622975 0.275673 0.614989 0.280275 0.608219 0.287163 0.603696 0.295287 0.602107 0.303411 0.603696 0.310298 0.608219 0.314900 0.614989