2 0.027951 0.767521 0.026812 0.772929 0.023569 0.777514 0.018716 0.780577 0.012992 0.781653 0.007267 0.780577 0.002414 0.777514 0.000000 0.772929 0.000000 0.767521 0.000000 0.762112 0.002414 0.757528 0.007267 0.754464 0.012992 0.753388 0.018716 0.754464 0.023569 0.757528 0.026812 0.762112
2 0.851230 0.985620 0.850234 0.990490 0.847400 0.994619 0.843159 0.997378 0.838156 0.998347 0.833153 0.997378 0.828911 0.994619 0.826077 0.990490 0.825082 0.985620 0.826077 0.980749 0.828911 0.976620 0.833153 0.973861 0.838156 0.972893 0.843159 0.973861 0.847400 0.976620 0.850234 0.980749
2 0.846516 0.956901 0.845237 0.963384 0.841595 0.968881 0.836143 0.972553 0.829713 0.973843 0.823283 0.972553 0.817831 0.968881 0.814189 0.963384 0.812910 0.956901 0.814189 0.950417 0.817831 0.944921 0.823283 0.941248 0.829713 0.939959 0.836143 0.941248 0.841595 0.944921 0.845237 0.950417
2 0.866189 0.930041 0.864944 0.937078 0.861399 0.943044 0.856094 0.947030 0.849836 0.948430 0.843578 0.947030 0.838273 0.943044 0.834728 0.937078 0.833484 0.930041 0.834728 0.923004 0.838273 0.917039 0.843578 0.913053 0.849836 0.911653 0.856094 0.913053 0.861399 0.917039 0.864944 0.923004
2 0.884877 0.908843 0.883667 0.914979 0.880220 0.920180 0.875061 0.923656 0.868975 0.924876 0.862890 0.923656 0.857731 0.920180 0.854284 0.914979 0.853074 0.908843 0.854284 0.902707 0.857731 0.897506 0.862890 0.894030 0.868975 0.892810 0.875061 0.894030 0.880220 0.897506 0.883667 0.902707
2 0.818033 0.369215 0.816847 0.374765 0.813471 0.379471 0.808419 0.382615 0.802459 0.383719 0.796499 0.382615 0.791447 0.379471 0.788071 0.374765 0.786885 0.369215 0.788071 0.363664 0.791447 0.358959 0.796499 0.355815 0.802459 0.354711 0.808419 0.355815 0.813471 0.358959 0.816847 0.363664
2 0.789221 0.370413 0.787899 0.375964 0.784132 0.380669 0.778494 0.383813 0.771844 0.384917 0.765194 0.383813 0.759557 0.380669 0.755790 0.375964 0.754467 0.370413 0.755790 0.364863 0.759557 0.360157 0.765194 0.357013 0.771844 0.355909 0.778494 0.357013 0.784132 0.360157 0.787899 0.364863
2 0.953484 0.365000 0.952435 0.370313 0.949450 0.374818 0.944983 0.377827 0.939713 0.378884 0.934443 0.377827 0.929976 0.374818 0.926991 0.370313 0.925943 0.365000 0.926991 0.359687 0.929976 0.355182 0.934443 0.352173 0.939713 0.351116 0.944983 0.352173 0.949450 0.355182 0.952435 0.359687
2 0.982295 0.344421 0.980972 0.350209 0.977205 0.355116 0.971568 0.358394 0.964918 0.359545 0.958268 0.358394 0.952631 0.355116 0.948864 0.350209 0.947541 0.344421 0.948864 0.338634 0.952631 0.333727 0.958268 0.330449 0.964918 0.329298 0.971568 0.330449 0.977205 0.333727 0.980972 0.338634
2 1.000000 0.323884 1.000000 0.329198 1.000000 0.333702 0.999605 0.336712 0.992500 0.337769 0.985395 0.336712 0.979372 0.333702 0.975348 0.329198 0.973934 0.323884 0.975348 0.318571 0.979372 0.314067 0.985395 0.311057 0.992500 0.310000 0.999605 0.311057 1.000000 0.314067 1.000000 0.318571
2 0.163975 0.168595 0.163024 0.173418 0.160314 0.177507 0.156259 0.180239 0.151475 0.181198 0.146692 0.180239 0.142637 0.177507 0.139927 0.173418 0.138975 0.168595 0.139927 0.163772 0.142637 0.159683 0.146692 0.156951 0.151475 0.155992 0.156259 0.156951 0.160314 0.159683 0.163024 0.163772
2 0.148770 0.144298 0.147276 0.152220 0.143021 0.158936 0.136652 0.163424 0.129139 0.165000 0.121627 0.163424 0.115258 0.158936 0.111003 0.152220 0.109508 0.144298 0.111003 0.136375 0.115258 0.129659 0.121627 0.125171 0.129139 0.123595 0.136652 0.125171 0.143021 0.129659 0.147276 0.136375
2 0.127377 0.111446 0.126120 0.118167 0.122540 0.123864 0.117181 0.127671 0.110861 0.129008 0.104540 0.127671 0.099182 0.123864 0.095601 0.118167 0.094344 0.111446 0.095601 0.104726 0.099182 0.099028 0.104540 0.095221 0.110861 0.093884 0.117181 0.095221 0.122540 0.099028 0.126120 0.104726
2 0.108648 0.135744 0.107253 0.142812 0.103282 0.148805 0.097339 0.152809 0.090328 0.154215 0.083317 0.152809 0.077374 0.148805 0.073403 0.142812 0.072008 0.135744 0.073403 0.128675 0.077374 0.122683 0.083317 0.118679 0.090328 0.117273 0.097339 0.118679 0.103282 0.122683 0.107253 0.128675
2 0.072869 0.132603 0.071715 0.138454 0.068427 0.143414 0.063508 0.146729 0.057705 0.147893 0.051902 0.146729 0.046982 0.143414 0.043695 0.138454 0.042541 0.132603 0.043695 0.126752 0.046982 0.121792 0.051902 0.118478 0.057705 0.117314 0.063508 0.118478 0.068427 0.121792 0.071715 0.126752