2 0.228566 0.420455 0.227006 0.427729 0.222564 0.433895 0.215916 0.438016 0.208074 0.439463 0.200232 0.438016 0.193584 0.433895 0.189142 0.427729 0.187582 0.420455 0.189142 0.413180 0.193584 0.407014 0.200232 0.402893 0.208074 0.401446 0.215916 0.402893 0.222564 0.407014 0.227006 0.413180
5 0.662017 0.000000 0.618424 0.044703 0.588915 0.059621 0.599937 0.081784 0.633270 0.063852 0.680688 0.008067
2 0.768279 0.682645 0.767156 0.688970 0.763957 0.694332 0.759171 0.697915 0.753525 0.699174 0.747878 0.697915 0.743092 0.694332 0.739894 0.688970 0.738770 0.682645 0.739894 0.676319 0.743092 0.670957 0.747878 0.667374 0.753525 0.666116 0.759171 0.667374 0.763957 0.670957 0.767156 0.676319
2 0.779795 0.761157 0.778360 0.767166 0.774273 0.772260 0.768157 0.775664 0.760943 0.776860 0.753728 0.775664 0.747612 0.772260 0.743525 0.767166 0.742090 0.761157 0.743525 0.755148 0.747612 0.750054 0.753728 0.746650 0.760943 0.745455 0.768157 0.746650 0.774273 0.750054 0.778360 0.755148
2 0.732213 0.774421 0.730965 0.780431 0.727412 0.785525 0.722093 0.788929 0.715820 0.790124 0.709546 0.788929 0.704228 0.785525 0.700674 0.780431 0.699426 0.774421 0.700674 0.768412 0.704228 0.763318 0.709546 0.759914 0.715820 0.758719 0.722093 0.759914 0.727412 0.763318 0.730965 0.768412
2 0.942172 0.456860 0.940924 0.461604 0.937371 0.465625 0.932052 0.468313 0.925779 0.469256 0.919505 0.468313 0.914187 0.465625 0.910633 0.461604 0.909385 0.456860 0.910633 0.452115 0.914187 0.448094 0.919505 0.445406 0.925779 0.444463 0.932052 0.445406 0.937371 0.448094 0.940924 0.452115
2 0.850328 0.487438 0.848955 0.493763 0.845046 0.499126 0.839196 0.502709 0.832295 0.503967 0.825394 0.502709 0.819544 0.499126 0.815635 0.493763 0.814262 0.487438 0.815635 0.481113 0.819544 0.475750 0.825394 0.472167 0.832295 0.470909 0.839196 0.472167 0.845046 0.475750 0.848955 0.481113
2 0.750246 0.268306 0.748873 0.274315 0.744964 0.279409 0.739114 0.282813 0.732213 0.284008 0.725312 0.282813 0.719462 0.279409 0.715553 0.274315 0.714180 0.268306 0.715553 0.262297 0.719462 0.257202 0.725312 0.253799 0.732213 0.252603 0.739114 0.253799 0.744964 0.257202 0.748873 0.262297
2 0.308975 0.610702 0.307603 0.616712 0.303694 0.621806 0.297843 0.625210 0.290943 0.626405 0.284042 0.625210 0.278192 0.621806 0.274283 0.616712 0.272910 0.610702 0.274283 0.604693 0.278192 0.599599 0.284042 0.596195 0.290943 0.595000 0.297843 0.596195 0.303694 0.599599 0.307603 0.604693
2 0.363074 0.547025 0.361826 0.553350 0.358272 0.558713 0.352954 0.562296 0.346680 0.563554 0.340407 0.562296 0.335088 0.558713 0.331535 0.553350 0.330287 0.547025 0.331535 0.540699 0.335088 0.535337 0.340407 0.531754 0.346680 0.530496 0.352954 0.531754 0.358272 0.535337 0.361826 0.540699
2 0.271230 0.335289 0.270044 0.342880 0.266668 0.349315 0.261616 0.353614 0.255656 0.355124 0.249696 0.353614 0.244643 0.349315 0.241267 0.342880 0.240082 0.335289 0.241267 0.327699 0.244643 0.321264 0.249696 0.316964 0.255656 0.315455 0.261616 0.316964 0.266668 0.321264 0.270044 0.327699
2 0.082582 0.110331 0.081147 0.116023 0.077060 0.120850 0.070944 0.124074 0.063730 0.125207 0.056515 0.124074 0.050399 0.120850 0.046312 0.116023 0.044877 0.110331 0.046312 0.104638 0.050399 0.099812 0.056515 0.096587 0.063730 0.095455 0.070944 0.096587 0.077060 0.099812 0.081147 0.104638
5 0.304854 0.608409 0.344239 0.565392 0.326171 0.548575 0.286786 0.591591
5 0.225207 0.410684 0.262953 0.361056 0.243440 0.345969 0.205694 0.395597
5 0.000000 0.098255 0.044008 0.115445 0.052221 0.092076 0.004107 0.074885
5 0.728934 0.781074 0.832876 0.779766 0.852548 0.769848 0.841551 0.747672 0.827377 0.756281 0.728934 0.756281
5 0.773991 0.748045 0.770712 0.696764 0.746173 0.698359 0.749452 0.749640
5 0.974864 0.561302 0.952687 0.592493 0.926665 0.643821 0.923346 0.695102 0.947884 0.696717 0.949772 0.650482 0.973497 0.605599 0.994808 0.575805
5 0.846943 0.494539 0.920754 0.474663 0.914409 0.450709 0.840598 0.470585
5 0.743084 0.280936 0.776762 0.291485 0.858770 0.289832 0.858279 0.265044 0.780400 0.267329 0.750850 0.257411