5 0.986246 0.485325 0.926820 0.643713 0.949819 0.652485 1.000000 0.494097
5 0.792612 0.401062 0.723190 0.452059 0.683559 0.546232 0.706195 0.555917 0.741528 0.467079 0.806651 0.421417
5 0.979999 0.354977 0.976228 0.328448 0.951887 0.331965 0.955657 0.358494
5 0.003857 0.844778 0.000333 0.971926 0.024913 0.972619 0.028438 0.845470
5 0.037130 0.809192 0.058122 0.769583 0.052876 0.721938 0.028436 0.724674 0.035411 0.764486 0.016149 0.796262
5 0.041048 0.781399 0.123343 0.834374 0.136575 0.813477 0.054280 0.760502
5 0.031918 0.796156 0.035443 0.699007 0.010869 0.698101 0.007344 0.795249
5 0.047045 0.375708 0.001513 0.374344 0.000783 0.399127 0.046315 0.400490
5 0.077833 0.392491 0.137218 0.455136 0.154995 0.438005 0.095609 0.375360
5 0.109638 0.379400 0.137693 0.395508 0.177102 0.419984 0.229487 0.417205 0.248395 0.418308 0.295205 0.428347 0.342131 0.428347 0.342131 0.403554 0.297834 0.403841 0.251825 0.393828 0.229660 0.392454 0.183496 0.397426 0.150813 0.374567 0.121838 0.357873
5 0.120633 0.339005 0.155141 0.283303 0.134285 0.270168 0.099777 0.325871
5 0.081685 0.230879 0.092561 0.266711 0.129856 0.298735 0.145800 0.279860 0.112496 0.254411 0.105610 0.225154
5 0.132197 0.178841 0.284041 0.042395 0.267680 0.023886 0.115836 0.160332
5 0.140271 0.212554 0.212725 0.199238 0.224346 0.169612 0.232503 0.127798 0.235192 0.116360 0.262049 0.120702 0.297951 0.120702 0.297951 0.095909 0.264070 0.096078 0.228112 0.095797 0.211432 0.116628 0.200964 0.162167 0.200221 0.182280 0.138090 0.187859
5 0.114209 0.160654 0.112816 0.128671 0.088250 0.129759 0.089643 0.161742
2 0.157828 0.384256 0.156992 0.388368 0.154611 0.391853 0.151048 0.394182 0.146844 0.395000 0.142641 0.394182 0.139078 0.391853 0.136697 0.388368 0.135861 0.384256 0.136697 0.380145 0.139078 0.376659 0.142641 0.374330 0.146844 0.373512 0.151048 0.374330 0.154611 0.376659 0.156992 0.380145
2 0.135861 0.346446 0.134769 0.352566 0.131659 0.357754 0.127006 0.361221 0.121516 0.362438 0.116027 0.361221 0.111373 0.357754 0.108264 0.352566 0.107172 0.346446 0.108264 0.340327 0.111373 0.335138 0.116027 0.331672 0.121516 0.330455 0.127006 0.331672 0.131659 0.335138 0.134769 0.340327
2 0.114508 0.356612 0.112976 0.365435 0.108614 0.372916 0.102086 0.377914 0.094385 0.379669 0.086685 0.377914 0.080156 0.372916 0.075794 0.365435 0.074262 0.356612 0.075794 0.347788 0.080156 0.340307 0.086685 0.335309 0.094385 0.333554 0.102086 0.335309 0.108614 0.340307 0.112976 0.347788
2 0.085205 0.374132 0.083720 0.381897 0.079491 0.388479 0.073162 0.392877 0.065697 0.394421 0.058231 0.392877 0.051902 0.388479 0.047673 0.381897 0.046189 0.374132 0.047673 0.366368 0.051902 0.359786 0.058231 0.355387 0.065697 0.353843 0.073162 0.355387 0.079491 0.359786 0.083720 0.366368
2 0.140123 0.204380 0.138566 0.212382 0.134133 0.219165 0.127498 0.223698 0.119672 0.225289 0.111846 0.223698 0.105211 0.219165 0.100778 0.212382 0.099221 0.204380 0.100778 0.196379 0.105211 0.189595 0.111846 0.185063 0.119672 0.183471 0.127498 0.185063 0.134133 0.189595 0.138566 0.196379
2 0.107172 0.209587 0.105709 0.217003 0.101542 0.223291 0.095306 0.227492 0.087951 0.228967 0.080595 0.227492 0.074359 0.223291 0.070193 0.217003 0.068730 0.209587 0.070193 0.202170 0.074359 0.195883 0.080595 0.191682 0.087951 0.190207 0.095306 0.191682 0.101542 0.195883 0.105709 0.202170
2 0.121189 0.172397 0.120122 0.178042 0.117083 0.182828 0.112536 0.186026 0.107172 0.187149 0.101808 0.186026 0.097261 0.182828 0.094223 0.178042 0.093156 0.172397 0.094223 0.166751 0.097261 0.161965 0.101808 0.158768 0.107172 0.157645 0.112536 0.158768 0.117083 0.161965 0.120122 0.166751
2 0.836352 0.407066 0.834917 0.413360 0.830831 0.418695 0.824715 0.422260 0.817500 0.423512 0.810285 0.422260 0.804169 0.418695 0.800083 0.413360 0.798648 0.407066 0.800083 0.400772 0.804169 0.395437 0.810285 0.391872 0.817500 0.390620 0.824715 0.391872 0.830831 0.395437 0.834917 0.400772
2 0.865943 0.394711 0.864623 0.400214 0.860865 0.404879 0.855241 0.407996 0.848607 0.409091 0.841972 0.407996 0.836348 0.404879 0.832590 0.400214 0.831270 0.394711 0.832590 0.389208 0.836348 0.384542 0.841972 0.381425 0.848607 0.380331 0.855241 0.381425 0.860865 0.384542 0.864623 0.389208
2 0.988361 0.371074 0.986807 0.376973 0.982383 0.381973 0.975761 0.385314 0.967951 0.386488 0.960140 0.385314 0.953519 0.381973 0.949095 0.376973 0.947541 0.371074 0.949095 0.365176 0.953519 0.360176 0.960140 0.356834 0.967951 0.355661 0.975761 0.356834 0.982383 0.360176 0.986807 0.365176
2 0.888156 0.975455 0.886783 0.983077 0.882874 0.989538 0.877024 0.993856 0.870123 0.995372 0.863222 0.993856 0.857372 0.989538 0.853463 0.983077 0.852090 0.975455 0.853463 0.967833 0.857372 0.961371 0.863222 0.957053 0.870123 0.955537 0.877024 0.957053 0.882874 0.961371 0.886783 0.967833
2 0.911025 0.956240 0.909627 0.963988 0.905647 0.970557 0.899690 0.974946 0.892664 0.976488 0.885638 0.974946 0.879681 0.970557 0.875701 0.963988 0.874303 0.956240 0.875701 0.948491 0.879681 0.941922 0.885638 0.937533 0.892664 0.935992 0.899690 0.937533 0.905647 0.941922 0.909627 0.948491
2 0.928361 0.936322 0.927200 0.942600 0.923895 0.947922 0.918949 0.951479 0.913115 0.952727 0.907280 0.951479 0.902334 0.947922 0.899029 0.942600 0.897869 0.936322 0.899029 0.930044 0.902334 0.924722 0.907280 0.921166 0.913115 0.919917 0.918949 0.921166 0.923895 0.924722 0.927200 0.930044
2 0.062090 0.840537 0.060696 0.847606 0.056724 0.853598 0.050781 0.857602 0.043770 0.859008 0.036760 0.857602 0.030817 0.853598 0.026845 0.847606 0.025451 0.840537 0.026845 0.833469 0.030817 0.827476 0.036760 0.823472 0.043770 0.822066 0.050781 0.823472 0.056724 0.827476 0.060696 0.833469
2 0.038607 0.821157 0.037034 0.830218 0.032557 0.837900 0.025855 0.843032 0.017951 0.844835 0.010046 0.843032 0.003345 0.837900 0.000000 0.830218 0.000000 0.821157 0.000000 0.812096 0.003345 0.804414 0.010046 0.799282 0.017951 0.797479 0.025855 0.799282 0.032557 0.804414 0.037034 0.812096