2 0.787910 0.400909 0.786553 0.409227 0.782688 0.416278 0.776904 0.420990 0.770082 0.422645 0.763260 0.420990 0.757476 0.416278 0.753611 0.409227 0.752254 0.400909 0.753611 0.392591 0.757476 0.385540 0.763260 0.380828 0.770082 0.379174 0.776904 0.380828 0.782688 0.385540 0.786553 0.392591
2 0.152377 0.490702 0.151092 0.497929 0.147431 0.504056 0.141954 0.508149 0.135492 0.509587 0.129030 0.508149 0.123552 0.504056 0.119892 0.497929 0.118607 0.490702 0.119892 0.483476 0.123552 0.477349 0.129030 0.473256 0.135492 0.471818 0.141954 0.473256 0.147431 0.477349 0.151092 0.483476
2 0.177582 0.282769 0.176368 0.289284 0.172912 0.294807 0.167740 0.298497 0.161639 0.299793 0.155538 0.298497 0.150366 0.294807 0.146910 0.289284 0.145697 0.282769 0.146910 0.276253 0.150366 0.270730 0.155538 0.267040 0.161639 0.265744 0.167740 0.267040 0.172912 0.270730 0.176368 0.276253
2 0.870861 0.922025 0.869631 0.926753 0.866131 0.930761 0.860893 0.933440 0.854713 0.934380 0.848534 0.933440 0.843295 0.930761 0.839795 0.926753 0.838566 0.922025 0.839795 0.917297 0.843295 0.913288 0.848534 0.910610 0.854713 0.909669 0.860893 0.910610 0.866131 0.913288 0.869631 0.917297
2 0.909590 0.888182 0.908607 0.893416 0.905809 0.897853 0.901621 0.900818 0.896680 0.901860 0.891740 0.900818 0.887552 0.897853 0.884753 0.893416 0.883770 0.888182 0.884753 0.882948 0.887552 0.878510 0.891740 0.875545 0.896680 0.874504 0.901621 0.875545 0.905809 0.878510 0.908607 0.882948
5 0.173780 0.266711 0.194527 0.205756 0.374445 0.052698 0.358588 0.033748 0.175072 0.191966 0.150728 0.258082
5 0.261099 0.306873 0.344859 0.218284 0.391311 0.147261 0.438073 0.003872 0.414714 0.000000 0.369403 0.136509 0.325745 0.202837 0.243327 0.289738
5 0.229513 0.345467 0.272505 0.324600 0.261839 0.302260 0.218847 0.323128
5 0.194407 0.458054 0.275527 0.454302 0.310598 0.431412 0.372442 0.420090 0.368049 0.395695 0.301932 0.408673 0.268748 0.431368 0.193789 0.433268
5 0.209718 0.372587 0.331521 0.582298 0.352741 0.569769 0.230938 0.360058
5 0.151316 0.517290 0.247923 0.563645 0.294767 0.573066 0.299577 0.548752 0.255651 0.540313 0.161963 0.494941
5 0.788267 0.386135 0.805078 0.335107 0.776964 0.267091 0.754266 0.276628 0.782348 0.335188 0.765503 0.376758
5 0.901004 0.264251 0.844775 0.088549 0.821373 0.096162 0.877602 0.271865
5 0.777724 0.435066 0.842459 0.450496 0.896803 0.450496 0.896803 0.425702 0.845350 0.426050 0.783505 0.410967
5 0.742710 0.415516 0.669555 0.513851 0.556598 0.887769 0.556598 0.967149 0.581189 0.967149 0.580650 0.891397 0.691101 0.524979 0.762290 0.430517
5 0.682258 0.521694 0.648528 0.489545 0.631636 0.507562 0.665365 0.539711
5 0.739195 0.422120 0.677019 0.433336 0.609169 0.426032 0.539827 0.410903 0.374209 0.450291 0.274906 0.448391 0.274439 0.473180 0.376772 0.474758 0.539806 0.435042 0.605030 0.450424 0.677772 0.457880 0.743346 0.446558
5 0.940435 0.896955 0.955903 0.843427 0.963376 0.749266 0.965008 0.719090 1.000000 0.658636 0.985976 0.644588 0.942649 0.710775 0.938892 0.746986 0.931860 0.838913 0.916860 0.889905
5 0.889789 0.895330 0.869163 0.845912 0.833805 0.835333 0.807575 0.797523 0.787425 0.811733 0.819526 0.854088 0.853243 0.861323 0.866358 0.902852
5 0.919892 0.930399 0.998580 0.926597 0.997403 0.901832 0.918715 0.905634
5 0.822941 0.930535 0.761396 0.918578 0.735167 0.933702 0.747374 0.955224 0.764518 0.941365 0.816977 0.954589
5 0.816208 0.935976 0.716216 0.952716 0.659987 0.986725 0.672636 1.000000 0.724447 0.975594 0.820021 0.960470
5 0.012055 0.742252 0.052296 0.660924 0.117527 0.601197 0.149371 0.516156 0.126366 0.507398 0.097909 0.587506 0.033232 0.645971 0.000000 0.730971
6 0.999877 0.491033 0.915533 0.445661 0.962377 0.400331 1.000000 0.400331 1.000000 0.487727
6 0.819959 0.940661 0.868689 0.891570 0.915533 0.897231 0.928648 0.923678 0.894918 0.965248 0.842459 0.965248
6 0.000000 0.850331 0.044180 0.793306 0.000000 0.738471
6 0.002951 0.411653 0.044180 0.426777 0.096680 0.506116 0.156639 0.489132 0.182869 0.445661 0.115410 0.379545 0.000000 0.343182 0.000000 0.384008
6 0.025451 0.198182 0.029221 0.264298 0.092910 0.313430 0.152869 0.330413 0.173484 0.379545 0.231598 0.368223 0.248443 0.313430 0.184713 0.264298 0.169754 0.224628 0.130410 0.220826 0.113525 0.169835 0.062951 0.183058