5 0.768602 0.726470 0.770077 0.674445 0.745497 0.673737 0.744021 0.725761
2 0.216639 0.393140 0.215348 0.399403 0.211670 0.404711 0.206165 0.408259 0.199672 0.409504 0.193179 0.408259 0.187674 0.404711 0.183996 0.399403 0.182705 0.393140 0.183996 0.386878 0.187674 0.381570 0.193179 0.378022 0.199672 0.376777 0.206165 0.378022 0.211670 0.381570 0.215348 0.386878
2 0.364057 0.540289 0.362878 0.545982 0.359520 0.550808 0.354494 0.554033 0.348566 0.555165 0.342637 0.554033 0.337611 0.550808 0.334253 0.545982 0.333074 0.540289 0.334253 0.534596 0.337611 0.529770 0.342637 0.526546 0.348566 0.525413 0.354494 0.526546 0.359520 0.529770 0.362878 0.534596
2 0.751803 0.248182 0.750512 0.254159 0.746834 0.259227 0.741329 0.262613 0.734836 0.263802 0.728343 0.262613 0.722838 0.259227 0.719160 0.254159 0.717869 0.248182 0.719160 0.242204 0.722838 0.237137 0.728343 0.233751 0.734836 0.232562 0.741329 0.233751 0.746834 0.237137 0.750512 0.242204
2 0.852090 0.472686 0.850799 0.478663 0.847121 0.483731 0.841616 0.487117 0.835123 0.488306 0.828630 0.487117 0.823125 0.483731 0.819447 0.478663 0.818156 0.472686 0.819447 0.466708 0.823125 0.461641 0.828630 0.458255 0.835123 0.457066 0.841616 0.458255 0.847121 0.461641 0.850799 0.466708
2 0.729713 0.754380 0.728478 0.760073 0.724960 0.764899 0.719694 0.768124 0.713484 0.769256 0.707273 0.768124 0.702008 0.764899 0.698489 0.760073 0.697254 0.754380 0.698489 0.748687 0.702008 0.743861 0.707273 0.740637 0.713484 0.739504 0.719694 0.740637 0.724960 0.743861 0.728478 0.748687
2 0.772459 0.744711 0.771111 0.751257 0.767273 0.756808 0.761529 0.760516 0.754754 0.761818 0.747979 0.760516 0.742235 0.756808 0.738397 0.751257 0.737049 0.744711 0.738397 0.738164 0.742235 0.732614 0.747979 0.728906 0.754754 0.727603 0.761529 0.728906 0.767273 0.732614 0.771111 0.738164
5 0.223408 0.388886 0.249965 0.354712 0.230609 0.339420 0.204052 0.373594
5 0.323765 0.540439 0.310486 0.565729 0.332219 0.577329 0.345497 0.552040
5 0.745043 0.262173 0.784838 0.275561 0.792621 0.252042 0.752826 0.238654
5 0.852600 0.479720 0.889445 0.473770 0.885555 0.449288 0.848711 0.455239
5 0.989892 0.551785 0.952597 0.606083 0.972813 0.620198 1.000000 0.565901
5 0.657427 0.000000 0.624886 0.025728 0.642655 0.042867 0.675196 0.008569