2 0.118525 0.110289 0.117171 0.117453 0.113315 0.123526 0.107544 0.127583 0.100738 0.129008 0.093931 0.127583 0.088160 0.123526 0.084305 0.117453 0.082951 0.110289 0.084305 0.103126 0.088160 0.097053 0.093931 0.092995 0.100738 0.091570 0.107544 0.092995 0.113315 0.097053 0.117171 0.103126
2 0.053361 0.103595 0.051988 0.111027 0.048079 0.117328 0.042229 0.121538 0.035328 0.123017 0.028427 0.121538 0.022577 0.117328 0.018668 0.111027 0.017295 0.103595 0.018668 0.096163 0.022577 0.089862 0.028427 0.085652 0.035328 0.084174 0.042229 0.085652 0.048079 0.089862 0.051988 0.096163
2 0.056680 0.056240 0.055373 0.063024 0.051651 0.068775 0.046080 0.072618 0.039508 0.073967 0.032937 0.072618 0.027366 0.068775 0.023643 0.063024 0.022336 0.056240 0.023643 0.049456 0.027366 0.043705 0.032937 0.039862 0.039508 0.038512 0.046080 0.039862 0.051651 0.043705 0.055373 0.049456
2 0.109508 0.050331 0.107817 0.058411 0.103002 0.065262 0.095796 0.069839 0.087295 0.071446 0.078794 0.069839 0.071588 0.065262 0.066773 0.058411 0.065082 0.050331 0.066773 0.042250 0.071588 0.035400 0.078794 0.030822 0.087295 0.029215 0.095796 0.030822 0.103002 0.035400 0.107817 0.042250
2 0.152213 0.038099 0.150875 0.044409 0.147063 0.049758 0.141359 0.053332 0.134631 0.054587 0.127903 0.053332 0.122199 0.049758 0.118388 0.044409 0.117049 0.038099 0.118388 0.031790 0.122199 0.026441 0.127903 0.022867 0.134631 0.021612 0.141359 0.022867 0.147063 0.026441 0.150875 0.031790
2 0.148893 0.069339 0.147203 0.076297 0.142387 0.082195 0.135181 0.086137 0.126680 0.087521 0.118180 0.086137 0.110973 0.082195 0.106158 0.076297 0.104467 0.069339 0.106158 0.062381 0.110973 0.056482 0.118180 0.052541 0.126680 0.051157 0.135181 0.052541 0.142387 0.056482 0.147203 0.062381
2 0.197541 0.066405 0.195625 0.074486 0.190171 0.081336 0.182007 0.085913 0.172377 0.087521 0.162747 0.085913 0.154583 0.081336 0.149129 0.074486 0.147213 0.066405 0.149129 0.058324 0.154583 0.051474 0.162747 0.046897 0.172377 0.045289 0.182007 0.046897 0.190171 0.051474 0.195625 0.058324
2 0.110328 0.081612 0.108575 0.087115 0.103582 0.091780 0.096109 0.094897 0.087295 0.095992 0.078481 0.094897 0.071008 0.091780 0.066016 0.087115 0.064262 0.081612 0.066016 0.076109 0.071008 0.071443 0.078481 0.068326 0.087295 0.067231 0.096109 0.068326 0.103582 0.071443 0.108575 0.076109
2 0.624139 0.189339 0.622735 0.196945 0.618738 0.203393 0.612754 0.207702 0.605697 0.209215 0.598639 0.207702 0.592656 0.203393 0.588658 0.196945 0.587254 0.189339 0.588658 0.181733 0.592656 0.175284 0.598639 0.170976 0.605697 0.169463 0.612754 0.170976 0.618738 0.175284 0.622735 0.181733
2 0.613238 0.152190 0.611865 0.160113 0.607956 0.166829 0.602106 0.171317 0.595205 0.172893 0.588304 0.171317 0.582454 0.166829 0.578545 0.160113 0.577172 0.152190 0.578545 0.144268 0.582454 0.137551 0.588304 0.133063 0.595205 0.131488 0.602106 0.133063 0.607956 0.137551 0.611865 0.144268
2 0.589754 0.120909 0.588160 0.127535 0.583620 0.133152 0.576826 0.136905 0.568811 0.138223 0.560797 0.136905 0.554003 0.133152 0.549463 0.127535 0.547869 0.120909 0.549463 0.114283 0.554003 0.108666 0.560797 0.104913 0.568811 0.103595 0.576826 0.104913 0.583620 0.108666 0.588160 0.114283
2 0.552049 0.111198 0.550901 0.116369 0.547632 0.120753 0.542739 0.123682 0.536967 0.124711 0.531196 0.123682 0.526303 0.120753 0.523033 0.116369 0.521885 0.111198 0.523033 0.106027 0.526303 0.101644 0.531196 0.098715 0.536967 0.097686 0.542739 0.098715 0.547632 0.101644 0.550901 0.106027
2 0.624098 0.113719 0.622663 0.122132 0.618577 0.129264 0.612460 0.134029 0.605246 0.135702 0.598031 0.134029 0.591915 0.129264 0.587829 0.122132 0.586393 0.113719 0.587829 0.105306 0.591915 0.098174 0.598031 0.093409 0.605246 0.091736 0.612460 0.093409 0.618577 0.098174 0.622663 0.105306
2 0.619098 0.070620 0.617598 0.078052 0.613325 0.084353 0.606929 0.088563 0.599385 0.090041 0.591841 0.088563 0.585446 0.084353 0.581173 0.078052 0.579672 0.070620 0.581173 0.063188 0.585446 0.056887 0.591841 0.052677 0.599385 0.051198 0.606929 0.052677 0.613325 0.056887 0.617598 0.063188
2 0.591434 0.049091 0.590477 0.054752 0.587749 0.059551 0.583667 0.062758 0.578852 0.063884 0.574038 0.062758 0.569956 0.059551 0.567228 0.054752 0.566270 0.049091 0.567228 0.043430 0.569956 0.038630 0.574038 0.035424 0.578852 0.034298 0.583667 0.035424 0.587749 0.038630 0.590477 0.043430
2 0.683607 0.107810 0.682555 0.113629 0.679561 0.118563 0.675081 0.121859 0.669795 0.123017 0.664510 0.121859 0.660029 0.118563 0.657035 0.113629 0.655984 0.107810 0.657035 0.101991 0.660029 0.097057 0.664510 0.093761 0.669795 0.092603 0.675081 0.093761 0.679561 0.097057 0.682555 0.101991
2 0.670205 0.084545 0.668580 0.093433 0.663951 0.100967 0.657024 0.106001 0.648852 0.107769 0.640681 0.106001 0.633754 0.100967 0.629125 0.093433 0.627500 0.084545 0.629125 0.075658 0.633754 0.068124 0.640681 0.063090 0.648852 0.061322 0.657024 0.063090 0.663951 0.068124 0.668580 0.075658
2 0.681107 0.051612 0.680373 0.056624 0.678286 0.060874 0.675161 0.063714 0.671475 0.064711 0.667790 0.063714 0.664665 0.060874 0.662577 0.056624 0.661844 0.051612 0.662577 0.046599 0.664665 0.042349 0.667790 0.039510 0.671475 0.038512 0.675161 0.039510 0.678286 0.042349 0.680373 0.046599
2 0.681967 0.022438 0.680850 0.029222 0.677670 0.034973 0.672910 0.038816 0.667295 0.040165 0.661680 0.038816 0.656920 0.034973 0.653740 0.029222 0.652623 0.022438 0.653740 0.015654 0.656920 0.009903 0.661680 0.006060 0.667295 0.004711 0.672910 0.006060 0.677670 0.009903 0.680850 0.015654
2 0.698689 0.033017 0.697827 0.038346 0.695375 0.042863 0.691706 0.045882 0.687377 0.046942 0.683048 0.045882 0.679379 0.042863 0.676927 0.038346 0.676066 0.033017 0.676927 0.027687 0.679379 0.023170 0.683048 0.020151 0.687377 0.019091 0.691706 0.020151 0.695375 0.023170 0.697827 0.027687
2 0.733074 0.024545 0.731542 0.031820 0.727180 0.037986 0.720652 0.042107 0.712951 0.043554 0.705250 0.042107 0.698722 0.037986 0.694360 0.031820 0.692828 0.024545 0.694360 0.017271 0.698722 0.011105 0.705250 0.006984 0.712951 0.005537 0.720652 0.006984 0.727180 0.011105 0.731542 0.017271
2 0.770779 0.014421 0.769216 0.021379 0.764765 0.027278 0.758103 0.031219 0.750246 0.032603 0.742388 0.031219 0.735727 0.027278 0.731276 0.021379 0.729713 0.014421 0.731276 0.007464 0.735727 0.001565 0.742388 0.000000 0.750246 0.000000 0.758103 0.000000 0.764765 0.001565 0.769216 0.007464
2 0.795943 0.025413 0.794667 0.031391 0.791033 0.036458 0.785595 0.039844 0.779180 0.041033 0.772766 0.039844 0.767328 0.036458 0.763694 0.031391 0.762418 0.025413 0.763694 0.019436 0.767328 0.014368 0.772766 0.010982 0.779180 0.009793 0.785595 0.010982 0.791033 0.014368 0.794667 0.019436
2 0.183730 0.499504 0.182950 0.503647 0.180729 0.507160 0.177405 0.509506 0.173484 0.510331 0.169563 0.509506 0.166239 0.507160 0.164018 0.503647 0.163238 0.499504 0.164018 0.495361 0.166239 0.491849 0.169563 0.489502 0.173484 0.488678 0.177405 0.489502 0.180729 0.491849 0.182950 0.495361
2 0.210369 0.477273 0.208887 0.485575 0.204667 0.492613 0.198351 0.497316 0.190902 0.498967 0.183452 0.497316 0.177136 0.492613 0.172916 0.485575 0.171434 0.477273 0.172916 0.468971 0.177136 0.461933 0.183452 0.457230 0.190902 0.455579 0.198351 0.457230 0.204667 0.461933 0.208887 0.468971
2 0.228811 0.441157 0.227174 0.449854 0.222509 0.457228 0.215529 0.462154 0.207295 0.463884 0.199061 0.462154 0.192081 0.457228 0.187417 0.449854 0.185779 0.441157 0.187417 0.432460 0.192081 0.425086 0.199061 0.420160 0.207295 0.418430 0.215529 0.420160 0.222509 0.425086 0.227174 0.432460
2 0.293320 0.423595 0.291566 0.431106 0.286574 0.437474 0.279101 0.441729 0.270287 0.443223 0.261473 0.441729 0.254000 0.437474 0.249007 0.431106 0.247254 0.423595 0.249007 0.416084 0.254000 0.409716 0.261473 0.405461 0.270287 0.403967 0.279101 0.405461 0.286574 0.409716 0.291566 0.416084
2 0.328115 0.439587 0.326439 0.446893 0.321669 0.453086 0.314529 0.457224 0.306107 0.458678 0.297684 0.457224 0.290544 0.453086 0.285774 0.446893 0.284098 0.439587 0.285774 0.432281 0.290544 0.426087 0.297684 0.421949 0.306107 0.420496 0.314529 0.421949 0.321669 0.426087 0.326439 0.432281
2 0.275902 0.344050 0.274576 0.351956 0.270800 0.358659 0.265149 0.363138 0.258484 0.364711 0.251818 0.363138 0.246167 0.358659 0.242391 0.351956 0.241066 0.344050 0.242391 0.336143 0.246167 0.329440 0.251818 0.324961 0.258484 0.323388 0.265149 0.324961 0.270800 0.329440 0.274576 0.336143
2 0.300492 0.328554 0.299088 0.336065 0.295090 0.342433 0.289107 0.346688 0.282049 0.348182 0.274991 0.346688 0.269008 0.342433 0.265010 0.336065 0.263607 0.328554 0.265010 0.321042 0.269008 0.314675 0.274991 0.310420 0.282049 0.308926 0.289107 0.310420 0.295090 0.314675 0.299088 0.321042
2 0.276926 0.303264 0.275444 0.311756 0.271224 0.318955 0.264909 0.323765 0.257459 0.325455 0.250009 0.323765 0.243694 0.318955 0.239474 0.311756 0.237992 0.303264 0.239474 0.294773 0.243694 0.287574 0.250009 0.282763 0.257459 0.281074 0.264909 0.282763 0.271224 0.287574 0.275444 0.294773
2 0.284098 0.265041 0.282694 0.273138 0.278697 0.280002 0.272713 0.284588 0.265656 0.286198 0.258598 0.284588 0.252615 0.280002 0.248617 0.273138 0.247213 0.265041 0.248617 0.256945 0.252615 0.250081 0.258598 0.245495 0.265656 0.243884 0.272713 0.245495 0.278697 0.250081 0.282694 0.256945
2 0.352705 0.537727 0.351342 0.546219 0.347459 0.553418 0.341649 0.558228 0.334795 0.559917 0.327941 0.558228 0.322131 0.553418 0.318249 0.546219 0.316885 0.537727 0.318249 0.529235 0.322131 0.522037 0.327941 0.517226 0.334795 0.515537 0.341649 0.517226 0.347459 0.522037 0.351342 0.529235
2 0.375246 0.504669 0.373649 0.513557 0.369100 0.521091 0.362292 0.526125 0.354262 0.527893 0.346232 0.526125 0.339425 0.521091 0.334876 0.513557 0.333279 0.504669 0.334876 0.495782 0.339425 0.488248 0.346232 0.483214 0.354262 0.481446 0.362292 0.483214 0.369100 0.488248 0.373649 0.495782
2 0.301516 0.621364 0.299957 0.629460 0.295514 0.636324 0.288866 0.640910 0.281025 0.642521 0.273183 0.640910 0.266535 0.636324 0.262093 0.629460 0.260533 0.621364 0.262093 0.613267 0.266535 0.606403 0.273183 0.601817 0.281025 0.600207 0.288866 0.601817 0.295514 0.606403 0.299957 0.613267
2 0.318934 0.649793 0.317531 0.656514 0.313533 0.662212 0.307549 0.666019 0.300492 0.667355 0.293434 0.666019 0.287451 0.662212 0.283453 0.656514 0.282049 0.649793 0.283453 0.643073 0.287451 0.637375 0.293434 0.633568 0.300492 0.632231 0.307549 0.633568 0.313533 0.637375 0.317531 0.643073
2 0.263607 0.640496 0.261931 0.647612 0.257161 0.653645 0.250021 0.657675 0.241598 0.659091 0.233176 0.657675 0.226036 0.653645 0.221265 0.647612 0.219590 0.640496 0.221265 0.633380 0.226036 0.627347 0.233176 0.623316 0.241598 0.621901 0.250021 0.623316 0.257161 0.627347 0.261931 0.633380
2 0.223648 0.648760 0.222284 0.655086 0.218402 0.660448 0.212592 0.664031 0.205738 0.665289 0.198884 0.664031 0.193074 0.660448 0.189191 0.655086 0.187828 0.648760 0.189191 0.642435 0.193074 0.637073 0.198884 0.633490 0.205738 0.632231 0.212592 0.633490 0.218402 0.637073 0.222284 0.642435
2 0.763320 0.313554 0.762028 0.319041 0.758350 0.323693 0.752846 0.326801 0.746352 0.327893 0.739859 0.326801 0.734355 0.323693 0.730677 0.319041 0.729385 0.313554 0.730677 0.308066 0.734355 0.303415 0.739859 0.300306 0.746352 0.299215 0.752846 0.300306 0.758350 0.303415 0.762028 0.308066
2 0.746639 0.313264 0.745441 0.320048 0.742030 0.325800 0.736924 0.329642 0.730902 0.330992 0.724879 0.329642 0.719773 0.325800 0.716362 0.320048 0.715164 0.313264 0.716362 0.306481 0.719773 0.300729 0.724879 0.296887 0.730902 0.295537 0.736924 0.296887 0.742030 0.300729 0.745441 0.306481
2 0.736762 0.281488 0.735259 0.289236 0.730976 0.295805 0.724568 0.300194 0.717008 0.301736 0.709449 0.300194 0.703040 0.295805 0.698758 0.289236 0.697254 0.281488 0.698758 0.273739 0.703040 0.267170 0.709449 0.262781 0.717008 0.261240 0.724568 0.262781 0.730976 0.267170 0.735259 0.273739
2 0.714549 0.256281 0.713398 0.262005 0.710120 0.266858 0.705214 0.270101 0.699426 0.271240 0.693639 0.270101 0.688733 0.266858 0.685454 0.262005 0.684303 0.256281 0.685454 0.250557 0.688733 0.245704 0.693639 0.242461 0.699426 0.241322 0.705214 0.242461 0.710120 0.245704 0.713398 0.250557
2 0.924467 0.336612 0.922845 0.343285 0.918225 0.348942 0.911311 0.352722 0.903156 0.354050 0.895000 0.352722 0.888086 0.348942 0.883467 0.343285 0.881844 0.336612 0.883467 0.329938 0.888086 0.324281 0.895000 0.320501 0.903156 0.319174 0.911311 0.320501 0.918225 0.324281 0.922845 0.329938
2 0.926967 0.274669 0.925604 0.282181 0.921722 0.288549 0.915911 0.292803 0.909057 0.294298 0.902204 0.292803 0.896393 0.288549 0.892511 0.282181 0.891148 0.274669 0.892511 0.267158 0.896393 0.260790 0.902204 0.256535 0.909057 0.255041 0.915911 0.256535 0.921722 0.260790 0.925604 0.267158
2 0.944221 0.244463 0.942858 0.252085 0.938976 0.258547 0.933165 0.262864 0.926311 0.264380 0.919458 0.262864 0.913647 0.258547 0.909765 0.252085 0.908402 0.244463 0.909765 0.236841 0.913647 0.230379 0.919458 0.226062 0.926311 0.224545 0.933165 0.226062 0.938976 0.230379 0.942858 0.236841
2 0.902254 0.309215 0.900891 0.315888 0.897008 0.321545 0.891198 0.325326 0.884344 0.326653 0.877490 0.325326 0.871680 0.321545 0.867798 0.315888 0.866434 0.309215 0.867798 0.302542 0.871680 0.296884 0.877490 0.293104 0.884344 0.291777 0.891198 0.293104 0.897008 0.296884 0.900891 0.302542
2 0.855779 0.490950 0.854384 0.498810 0.850413 0.505472 0.844470 0.509924 0.837459 0.511488 0.830448 0.509924 0.824505 0.505472 0.820534 0.498810 0.819139 0.490950 0.820534 0.483091 0.824505 0.476428 0.830448 0.471977 0.837459 0.470413 0.844470 0.471977 0.850413 0.476428 0.854384 0.483091
2 0.850697 0.538182 0.849340 0.546041 0.845475 0.552704 0.839691 0.557156 0.832869 0.558719 0.826046 0.557156 0.820263 0.552704 0.816398 0.546041 0.815041 0.538182 0.816398 0.530323 0.820263 0.523660 0.826046 0.519208 0.832869 0.517645 0.839691 0.519208 0.845475 0.523660 0.849340 0.530323
2 0.845615 0.581818 0.844180 0.590263 0.840093 0.597421 0.833977 0.602205 0.826762 0.603884 0.819548 0.602205 0.813432 0.597421 0.809345 0.590263 0.807910 0.581818 0.809345 0.573374 0.813432 0.566215 0.819548 0.561432 0.826762 0.559752 0.833977 0.561432 0.840093 0.566215 0.844180 0.573374
2 0.954590 0.434463 0.953077 0.441927 0.948768 0.448254 0.942320 0.452482 0.934713 0.453967 0.927106 0.452482 0.920658 0.448254 0.916349 0.441927 0.914836 0.434463 0.916349 0.426999 0.920658 0.420671 0.927106 0.416443 0.934713 0.414959 0.942320 0.416443 0.948768 0.420671 0.953077 0.426999
2 0.955574 0.459628 0.953908 0.467298 0.949164 0.473799 0.942064 0.478144 0.933689 0.479669 0.925313 0.478144 0.918213 0.473799 0.913469 0.467298 0.911803 0.459628 0.913469 0.451959 0.918213 0.445457 0.925313 0.441112 0.933689 0.439587 0.942064 0.441112 0.949164 0.445457 0.953908 0.451959
2 0.997336 0.475537 0.995630 0.483396 0.990770 0.490059 0.983497 0.494511 0.974918 0.496074 0.966339 0.494511 0.959066 0.490059 0.954206 0.483396 0.952500 0.475537 0.954206 0.467678 0.959066 0.461015 0.966339 0.456563 0.974918 0.455000 0.983497 0.456563 0.990770 0.461015 0.995630 0.467678
2 0.947459 0.674752 0.945946 0.681425 0.941637 0.687083 0.935189 0.690863 0.927582 0.692190 0.919975 0.690863 0.913527 0.687083 0.909218 0.681425 0.907705 0.674752 0.909218 0.668079 0.913527 0.662422 0.919975 0.658641 0.927582 0.657314 0.935189 0.658641 0.941637 0.662422 0.945946 0.668079
2 0.977992 0.743017 0.976557 0.750291 0.972470 0.756457 0.966354 0.760578 0.959139 0.762025 0.951925 0.760578 0.945809 0.756457 0.941722 0.750291 0.940287 0.743017 0.941722 0.735742 0.945809 0.729576 0.951925 0.725455 0.959139 0.724008 0.966354 0.725455 0.972470 0.729576 0.976557 0.735742
2 0.987131 0.779463 0.985581 0.787717 0.981165 0.794715 0.974557 0.799391 0.966762 0.801033 0.958967 0.799391 0.952359 0.794715 0.947944 0.787717 0.946393 0.779463 0.947944 0.771208 0.952359 0.764210 0.958967 0.759534 0.966762 0.757893 0.974557 0.759534 0.981165 0.764210 0.985581 0.771208
2 0.798484 0.847686 0.797289 0.854106 0.793886 0.859549 0.788794 0.863186 0.782787 0.864463 0.776780 0.863186 0.771688 0.859549 0.768285 0.854106 0.767090 0.847686 0.768285 0.841266 0.771688 0.835823 0.776780 0.832186 0.782787 0.830909 0.788794 0.832186 0.793886 0.835823 0.797289 0.841266
2 0.768320 0.833140 0.766791 0.841253 0.762438 0.848130 0.755923 0.852725 0.748238 0.854339 0.740553 0.852725 0.734038 0.848130 0.729684 0.841253 0.728156 0.833140 0.729684 0.825028 0.734038 0.818151 0.740553 0.813556 0.748238 0.811942 0.755923 0.813556 0.762438 0.818151 0.766791 0.825028
2 0.730615 0.789421 0.729205 0.796806 0.725189 0.803067 0.719179 0.807250 0.712090 0.808719 0.705001 0.807250 0.698991 0.803067 0.694976 0.796806 0.693566 0.789421 0.694976 0.782037 0.698991 0.775776 0.705001 0.771593 0.712090 0.770124 0.719179 0.771593 0.725189 0.775776 0.729205 0.782037
2 0.811639 0.784669 0.810039 0.793145 0.805481 0.800331 0.798661 0.805132 0.790615 0.806818 0.782569 0.805132 0.775748 0.800331 0.771191 0.793145 0.769590 0.784669 0.771191 0.776193 0.775748 0.769008 0.782569 0.764207 0.790615 0.762521 0.798661 0.764207 0.805481 0.769008 0.810039 0.776193
2 0.826762 0.787521 0.825399 0.794178 0.821517 0.799822 0.815706 0.803593 0.808852 0.804917 0.801999 0.803593 0.796188 0.799822 0.792306 0.794178 0.790943 0.787521 0.792306 0.780863 0.796188 0.775219 0.801999 0.771448 0.808852 0.770124 0.815706 0.771448 0.821517 0.775219 0.825399 0.780863
2 0.774631 0.792934 0.773243 0.800208 0.769289 0.806375 0.763373 0.810495 0.756393 0.811942 0.749414 0.810495 0.743497 0.806375 0.739544 0.800208 0.738156 0.792934 0.739544 0.785660 0.743497 0.779493 0.749414 0.775373 0.756393 0.773926 0.763373 0.775373 0.769289 0.779493 0.773243 0.785660
2 0.777131 0.763140 0.775840 0.770177 0.772162 0.776143 0.766657 0.780129 0.760164 0.781529 0.753671 0.780129 0.748166 0.776143 0.744488 0.770177 0.743197 0.763140 0.744488 0.756104 0.748166 0.750138 0.753671 0.746152 0.760164 0.744752 0.766657 0.746152 0.772162 0.750138 0.775840 0.756104
2 0.746311 0.722314 0.744926 0.729224 0.740982 0.735083 0.735078 0.738997 0.728115 0.740372 0.721151 0.738997 0.715248 0.735083 0.711303 0.729224 0.709918 0.722314 0.711303 0.715404 0.715248 0.709545 0.721151 0.705631 0.728115 0.704256 0.735078 0.705631 0.740982 0.709545 0.744926 0.715404
2 0.716352 0.690248 0.715089 0.698914 0.711491 0.706260 0.706106 0.711169 0.699754 0.712893 0.693402 0.711169 0.688017 0.706260 0.684419 0.698914 0.683156 0.690248 0.684419 0.681582 0.688017 0.674236 0.693402 0.669327 0.699754 0.667603 0.706106 0.669327 0.711491 0.674236 0.715089 0.681582
2 0.776270 0.696694 0.774966 0.705360 0.771253 0.712706 0.765695 0.717615 0.759139 0.719339 0.752584 0.717615 0.747026 0.712706 0.743312 0.705360 0.742008 0.696694 0.743312 0.688028 0.747026 0.680682 0.752584 0.675773 0.759139 0.674050 0.765695 0.675773 0.771253 0.680682 0.774966 0.688028
2 0.751639 0.671364 0.750133 0.677768 0.745841 0.683197 0.739420 0.686825 0.731844 0.688099 0.724269 0.686825 0.717847 0.683197 0.713556 0.677768 0.712049 0.671364 0.713556 0.664959 0.717847 0.659530 0.724269 0.655902 0.731844 0.654628 0.739420 0.655902 0.745841 0.659530 0.750133 0.664959
5 0.307847 0.610269 0.335797 0.565764 0.315022 0.552500 0.287071 0.597004
5 0.226660 0.432769 0.251962 0.411046 0.263724 0.366583 0.239965 0.360194 0.232930 0.397768 0.212356 0.412602
5 0.760178 0.328128 0.825819 0.338270 0.868483 0.326369 0.861927 0.302474 0.824617 0.314104 0.764330 0.303690
5 0.857328 0.490811 0.914664 0.471555 0.906893 0.448032 0.849557 0.467288
5 0.967213 0.722273 0.965420 0.687190 1.000000 0.618966 0.985604 0.606075 0.942623 0.680744 0.942623 0.722273