2 0.784426 0.379421 0.783032 0.388419 0.779061 0.396047 0.773117 0.401144 0.766107 0.402934 0.759096 0.401144 0.753153 0.396047 0.749181 0.388419 0.747787 0.379421 0.749181 0.370424 0.753153 0.362796 0.759096 0.357699 0.766107 0.355909 0.773117 0.357699 0.779061 0.362796 0.783032 0.370424
2 0.872705 0.938678 0.871373 0.945746 0.867579 0.951739 0.861902 0.955743 0.855205 0.957149 0.848508 0.955743 0.842831 0.951739 0.839037 0.945746 0.837705 0.938678 0.839037 0.931609 0.842831 0.925617 0.848508 0.921613 0.855205 0.920207 0.861902 0.921613 0.867579 0.925617 0.871373 0.931609
2 0.899344 0.932810 0.897950 0.940195 0.893979 0.946455 0.888035 0.950639 0.881025 0.952107 0.874014 0.950639 0.868071 0.946455 0.864099 0.940195 0.862705 0.932810 0.864099 0.925425 0.868071 0.919165 0.874014 0.914981 0.881025 0.913512 0.888035 0.914981 0.893979 0.919165 0.897950 0.925425
2 0.922705 0.928595 0.921563 0.934383 0.918312 0.939289 0.913445 0.942568 0.907705 0.943719 0.901965 0.942568 0.897098 0.939289 0.893847 0.934383 0.892705 0.928595 0.893847 0.922807 0.897098 0.917901 0.901965 0.914622 0.907705 0.913471 0.913445 0.914622 0.918312 0.917901 0.921563 0.922807
2 0.049836 0.407107 0.048694 0.412563 0.045443 0.417188 0.040576 0.420278 0.034836 0.421364 0.029096 0.420278 0.024229 0.417188 0.020978 0.412563 0.019836 0.407107 0.020978 0.401652 0.024229 0.397027 0.029096 0.393936 0.034836 0.392851 0.040576 0.393936 0.045443 0.397027 0.048694 0.401652
2 0.073156 0.396198 0.071889 0.401338 0.068282 0.405695 0.062884 0.408606 0.056516 0.409628 0.050149 0.408606 0.044751 0.405695 0.041144 0.401338 0.039877 0.396198 0.041144 0.391059 0.044751 0.386702 0.050149 0.383791 0.056516 0.382769 0.062884 0.383791 0.068282 0.386702 0.071889 0.391059
2 0.104795 0.382769 0.103210 0.390486 0.098697 0.397028 0.091943 0.401399 0.083975 0.402934 0.076008 0.401399 0.069254 0.397028 0.064741 0.390486 0.063156 0.382769 0.064741 0.375052 0.069254 0.368510 0.076008 0.364138 0.083975 0.362603 0.091943 0.364138 0.098697 0.368510 0.103210 0.375052
2 0.129795 0.366818 0.128401 0.372274 0.124429 0.376899 0.118486 0.379989 0.111475 0.381074 0.104465 0.379989 0.098521 0.376899 0.094550 0.372274 0.093156 0.366818 0.094550 0.361363 0.098521 0.356738 0.104465 0.353647 0.111475 0.352562 0.118486 0.353647 0.124429 0.356738 0.128401 0.361363
2 0.100779 0.237521 0.099528 0.244115 0.095965 0.249705 0.090633 0.253440 0.084344 0.254752 0.078055 0.253440 0.072723 0.249705 0.069161 0.244115 0.067910 0.237521 0.069161 0.230926 0.072723 0.225336 0.078055 0.221601 0.084344 0.220289 0.090633 0.221601 0.095965 0.225336 0.099528 0.230926
5 0.113969 0.353218 0.201730 0.232114 0.296072 0.180447 0.371753 0.109295 0.417655 0.047023 0.397919 0.032233 0.353518 0.092817 0.281876 0.160448 0.186031 0.213807 0.094228 0.338435
5 0.099378 0.346743 0.053477 0.291578 0.034638 0.307513 0.080540 0.362678
5 0.167442 0.443228 0.269440 0.429239 0.299190 0.445037 0.364540 0.450197 0.464467 0.429091 0.511024 0.428849 0.555164 0.419923 0.550328 0.395614 0.508607 0.404298 0.461976 0.404555 0.363105 0.425707 0.306338 0.421918 0.274156 0.406152 0.164689 0.418590
5 0.290472 0.428169 0.316947 0.405028 0.300840 0.386294 0.274365 0.409435
2 0.096230 0.423967 0.095053 0.432269 0.091704 0.439307 0.086691 0.444010 0.080779 0.445661 0.074866 0.444010 0.069853 0.439307 0.066504 0.432269 0.065328 0.423967 0.066504 0.415665 0.069853 0.408627 0.074866 0.403924 0.080779 0.402273 0.086691 0.403924 0.091704 0.408627 0.095053 0.415665
2 0.129303 0.402314 0.128002 0.406995 0.124298 0.410963 0.118753 0.413614 0.112213 0.414545 0.105673 0.413614 0.100129 0.410963 0.096424 0.406995 0.095123 0.402314 0.096424 0.397633 0.100129 0.393665 0.105673 0.391014 0.112213 0.390083 0.118753 0.391014 0.124298 0.393665 0.128002 0.397633
2 0.172336 0.419545 0.170530 0.424432 0.165386 0.428574 0.157687 0.431342 0.148607 0.432314 0.139526 0.431342 0.131827 0.428574 0.126683 0.424432 0.124877 0.419545 0.126683 0.414659 0.131827 0.410517 0.139526 0.407749 0.148607 0.406777 0.157687 0.407749 0.165386 0.410517 0.170530 0.414659
2 0.164590 0.451777 0.163626 0.459652 0.160881 0.466328 0.156773 0.470789 0.151926 0.472355 0.147080 0.470789 0.142971 0.466328 0.140226 0.459652 0.139262 0.451777 0.140226 0.443902 0.142971 0.437226 0.147080 0.432765 0.151926 0.431198 0.156773 0.432765 0.160881 0.437226 0.163626 0.443902
2 0.087377 0.198223 0.086413 0.206952 0.083668 0.214352 0.079559 0.219297 0.074713 0.221033 0.069867 0.219297 0.065758 0.214352 0.063013 0.206952 0.062049 0.198223 0.063013 0.189494 0.065758 0.182094 0.069867 0.177150 0.074713 0.175413 0.079559 0.177150 0.083668 0.182094 0.086413 0.189494
2 0.063156 0.170455 0.061895 0.175341 0.058306 0.179483 0.052935 0.182251 0.046598 0.183223 0.040262 0.182251 0.034891 0.179483 0.031301 0.175341 0.030041 0.170455 0.031301 0.165568 0.034891 0.161426 0.040262 0.158658 0.046598 0.157686 0.052935 0.158658 0.058306 0.161426 0.061895 0.165568
2 0.079672 0.150992 0.078917 0.160353 0.076767 0.168290 0.073550 0.173592 0.069754 0.175455 0.065959 0.173592 0.062741 0.168290 0.060591 0.160353 0.059836 0.150992 0.060591 0.141630 0.062741 0.133694 0.065959 0.128391 0.069754 0.126529 0.073550 0.128391 0.076767 0.133694 0.078917 0.141630
2 0.060943 0.110950 0.059935 0.118177 0.057065 0.124304 0.052771 0.128397 0.047705 0.129835 0.042639 0.128397 0.038344 0.124304 0.035475 0.118177 0.034467 0.110950 0.035475 0.103724 0.038344 0.097597 0.042639 0.093504 0.047705 0.092066 0.052771 0.093504 0.057065 0.097597 0.059935 0.103724
2 0.082992 0.109256 0.082237 0.116277 0.080087 0.122230 0.076869 0.126207 0.073074 0.127603 0.069278 0.126207 0.066061 0.122230 0.063911 0.116277 0.063156 0.109256 0.063911 0.102235 0.066061 0.096283 0.069278 0.092306 0.073074 0.090909 0.076869 0.092306 0.080087 0.096283 0.082237 0.102235
5 0.096326 0.258188 0.137311 0.270373 0.164908 0.317286 0.209006 0.343938 0.221649 0.322673 0.181992 0.300660 0.152362 0.252762 0.104903 0.234952
5 0.156203 0.272199 0.203328 0.197198 0.260664 0.149388 0.244992 0.130282 0.185149 0.180942 0.135518 0.258793
5 0.076234 0.451907 0.119570 0.491336 0.155587 0.486034 0.201898 0.504960 0.211135 0.481982 0.158914 0.462217 0.127249 0.470531 0.094176 0.434952
5 0.745206 0.395933 0.673677 0.520105 0.648076 0.614234 0.603691 0.737292 0.626801 0.745766 0.671487 0.621754 0.696147 0.529646 0.766433 0.408448
5 0.768770 0.425744 0.815000 0.425744 0.815000 0.400950 0.768770 0.400950
5 0.000000 0.889657 0.053450 0.908712 0.106309 0.906615 0.237620 0.930871 0.242052 0.906484 0.108107 0.882032 0.057031 0.884599 0.003998 0.866211
5 0.014662 0.734630 0.039182 0.663010 0.085411 0.620159 0.068769 0.601907 0.019314 0.649626 0.000000 0.726114
6 0.000000 0.768388 0.078934 0.791901 0.077090 0.855289 0.000000 0.878595
5 0.993319 0.418295 0.965408 0.393967 0.949871 0.265998 0.916060 0.192940 0.893776 0.203424 0.926518 0.272686 0.944508 0.404185 0.975943 0.435838
5 0.989178 0.521956 0.957784 0.546336 0.972789 0.565978 1.000000 0.541598
5 0.986993 0.539361 0.969882 0.643783 0.914344 0.724174 0.914344 0.862975 0.938934 0.862975 0.936553 0.731506 0.991901 0.653283 1.000000 0.543697
5 0.889818 0.907156 0.872892 0.863313 0.849977 0.872307 0.866903 0.916150
5 0.924720 0.935915 0.968285 0.925668 0.962698 0.901523 0.919133 0.911770
5 0.833792 0.925882 0.774283 0.955138 0.785061 0.977424 0.844569 0.948167
5 0.879846 0.964603 0.933575 1.000000 0.948064 0.984075 0.894334 0.944570
5 0.860609 0.960339 0.870445 1.000000 0.894391 0.997182 0.884555 0.954702
5 0.841358 0.961659 0.802178 0.986535 0.815281 1.000000 0.854461 0.982639