5 0.189650 0.847217 0.343545 0.831919 0.421526 0.847216 0.518985 0.856678 0.521342 0.831999 0.425062 0.822709 0.344735 0.807411 0.187317 0.822535
5 0.194489 0.275910 0.208369 0.231531 0.427632 0.012357 0.410319 0.000000 0.188093 0.218677 0.171248 0.267809
5 0.365434 0.214543 0.413978 0.140850 0.449593 0.004817 0.425817 0.000000 0.391902 0.130747 0.345058 0.200664
5 0.904963 0.191220 0.886598 0.122603 0.886598 0.064008 0.862008 0.064008 0.862415 0.125764 0.881185 0.197541
5 0.809749 0.359829 0.811808 0.308971 0.781849 0.257979 0.760692 0.270616 0.788980 0.314221 0.785251 0.357692
5 0.762041 0.422347 0.677043 0.521410 0.565943 0.893430 0.565943 1.000000 0.590533 1.000000 0.590006 0.897020 0.698041 0.533190 0.780500 0.438728
5 0.694000 0.514860 0.643426 0.478993 0.629279 0.499272 0.679853 0.535140
5 0.790263 0.434910 0.856204 0.454233 0.929277 0.461795 0.931788 0.437131 0.860926 0.430007 0.797196 0.411123
5 0.962860 0.866993 0.991547 0.773923 0.988268 0.732944 1.000000 0.693274 0.987101 0.681767 0.965092 0.727689 0.967550 0.770652 0.939435 0.859453
5 0.890207 0.835688 0.850001 0.812899 0.831230 0.769469 0.808688 0.779374 0.832211 0.828362 0.877170 0.856709
5 0.291552 0.471649 0.353313 0.486916 0.459142 0.465914 0.574222 0.431860 0.668166 0.458790 0.748736 0.454606 0.793197 0.466364 0.849143 0.465855 0.899717 0.450772 0.892742 0.426997 0.845656 0.441570 0.796428 0.442006 0.751424 0.430260 0.671065 0.434504 0.574383 0.408012 0.453490 0.441803 0.354104 0.462772 0.297874 0.447689
5 0.401256 0.462959 0.410600 0.515852 0.434809 0.511504 0.425465 0.458611
5 0.305572 0.467497 0.360163 0.431558 0.420122 0.425896 0.417829 0.401211 0.352502 0.408701 0.292543 0.446470
5 0.232285 0.387824 0.347024 0.579589 0.403253 0.630581 0.419697 0.612147 0.365789 0.563994 0.253371 0.375069
5 0.180696 0.550999 0.288234 0.607089 0.346349 0.595767 0.341684 0.571423 0.291804 0.584043 0.192501 0.529249
5 0.935384 0.915744 0.932065 0.982645 0.956624 0.983884 0.959944 0.916983
5 0.845703 0.905861 0.707660 0.935136 0.639627 0.990343 0.655045 1.000000 0.717781 0.956949 0.850527 0.930172
5 0.839746 0.911108 0.781267 0.899544 0.724873 0.939709 0.739061 0.959960 0.785090 0.921619 0.833204 0.935008
2 0.798525 0.399504 0.797380 0.406415 0.794119 0.412273 0.789240 0.416187 0.783484 0.417562 0.777728 0.416187 0.772848 0.412273 0.769588 0.406415 0.768443 0.399504 0.769588 0.392594 0.772848 0.386735 0.777728 0.382821 0.783484 0.381446 0.789240 0.382821 0.794119 0.386735 0.797380 0.392594
2 0.802828 0.374215 0.801845 0.379750 0.799047 0.384442 0.794858 0.387577 0.789918 0.388678 0.784978 0.387577 0.780789 0.384442 0.777991 0.379750 0.777008 0.374215 0.777991 0.368680 0.780789 0.363988 0.784978 0.360853 0.789918 0.359752 0.794858 0.360853 0.799047 0.363988 0.801845 0.368680
2 0.958934 0.884752 0.957899 0.890002 0.954949 0.894453 0.950535 0.897427 0.945328 0.898471 0.940121 0.897427 0.935707 0.894453 0.932757 0.890002 0.931721 0.884752 0.932757 0.879502 0.935707 0.875051 0.940121 0.872077 0.945328 0.871033 0.950535 0.872077 0.954949 0.875051 0.957899 0.879502
2 0.914549 0.860950 0.913513 0.867023 0.910564 0.872171 0.906150 0.875610 0.900943 0.876818 0.895736 0.875610 0.891321 0.872171 0.888372 0.867023 0.887336 0.860950 0.888372 0.854878 0.891321 0.849730 0.895736 0.846291 0.900943 0.845083 0.906150 0.846291 0.910564 0.849730 0.913513 0.854878
6 0.003607 0.906860 0.076107 0.860909 0.107172 0.769008 0.000000 0.724298 0.000000 0.865992
6 0.844754 0.929835 0.886189 0.971612 0.954549 0.931942 0.969057 0.890165 0.915205 0.852562 0.873730 0.894339
6 1.000000 0.499008 0.927623 0.445207 0.954549 0.380455 0.969057 0.313636 1.000000 0.313636
6 0.053320 0.355413 0.148648 0.370041 0.212869 0.388843 0.231516 0.449421 0.179713 0.543388 0.127910 0.539215 0.069918 0.526694 0.051270 0.445207
6 0.061598 0.217521 0.074057 0.284380 0.113402 0.334504 0.177623 0.344959 0.190082 0.380455 0.250164 0.397190 0.256352 0.353306 0.297787 0.317810 0.281230 0.299008 0.231516 0.296901 0.208730 0.255124 0.198361 0.205000 0.127910 0.173678