2 0.180902 0.177314 0.180016 0.182137 0.177493 0.186226 0.173716 0.188958 0.169262 0.189917 0.164808 0.188958 0.161032 0.186226 0.158509 0.182137 0.157623 0.177314 0.158509 0.172491 0.161032 0.168402 0.164808 0.165670 0.169262 0.164711 0.173716 0.165670 0.177493 0.168402 0.180016 0.172491
2 0.176598 0.157727 0.174989 0.166393 0.170404 0.173739 0.163544 0.178648 0.155451 0.180372 0.147358 0.178648 0.140497 0.173739 0.135913 0.166393 0.134303 0.157727 0.135913 0.149062 0.140497 0.141715 0.147358 0.136806 0.155451 0.135083 0.163544 0.136806 0.170404 0.141715 0.174989 0.149062
2 0.154139 0.130289 0.152857 0.136456 0.149206 0.141685 0.143741 0.145178 0.137295 0.146405 0.130849 0.145178 0.125384 0.141685 0.121733 0.136456 0.120451 0.130289 0.121733 0.124122 0.125384 0.118894 0.130849 0.115400 0.137295 0.114174 0.143741 0.115400 0.149206 0.118894 0.152857 0.124122
2 0.142910 0.160331 0.141366 0.166988 0.136968 0.172632 0.130386 0.176403 0.122623 0.177727 0.114859 0.176403 0.108278 0.172632 0.103880 0.166988 0.102336 0.160331 0.103880 0.153673 0.108278 0.148029 0.114859 0.144258 0.122623 0.142934 0.130386 0.144258 0.136968 0.148029 0.141366 0.153673
2 0.104057 0.164256 0.102941 0.169759 0.099760 0.174425 0.095000 0.177542 0.089385 0.178636 0.083770 0.177542 0.079010 0.174425 0.075830 0.169759 0.074713 0.164256 0.075830 0.158753 0.079010 0.154088 0.083770 0.150971 0.089385 0.149876 0.095000 0.150971 0.099760 0.154088 0.102941 0.158753
2 0.991230 0.349298 0.990019 0.355433 0.986572 0.360635 0.981413 0.364110 0.975328 0.365331 0.969243 0.364110 0.964084 0.360635 0.960637 0.355433 0.959426 0.349298 0.960637 0.343162 0.964084 0.337960 0.969243 0.334485 0.975328 0.333264 0.981413 0.334485 0.986572 0.337960 0.990019 0.343162
2 0.850656 0.388760 0.849392 0.394643 0.845794 0.399630 0.840409 0.402962 0.834057 0.404132 0.827705 0.402962 0.822321 0.399630 0.818722 0.394643 0.817459 0.388760 0.818722 0.382878 0.822321 0.377891 0.827705 0.374559 0.834057 0.373388 0.840409 0.374559 0.845794 0.377891 0.849392 0.382878
2 0.820123 0.390083 0.818859 0.396487 0.815261 0.401916 0.809877 0.405544 0.803525 0.406818 0.797173 0.405544 0.791788 0.401916 0.788190 0.396487 0.786926 0.390083 0.788190 0.383678 0.791788 0.378249 0.797173 0.374621 0.803525 0.373347 0.809877 0.374621 0.815261 0.378249 0.818859 0.383678
2 0.881148 0.979339 0.879884 0.985996 0.876286 0.991640 0.870901 0.995411 0.864549 0.996736 0.858197 0.995411 0.852812 0.991640 0.849214 0.985996 0.847951 0.979339 0.849214 0.972681 0.852812 0.967038 0.858197 0.963266 0.864549 0.961942 0.870901 0.963266 0.876286 0.967038 0.879884 0.972681
2 0.899713 0.951901 0.898400 0.959317 0.894660 0.965605 0.889062 0.969806 0.882459 0.971281 0.875856 0.969806 0.870259 0.965605 0.866518 0.959317 0.865205 0.951901 0.866518 0.944484 0.870259 0.938197 0.875856 0.933996 0.882459 0.932521 0.889062 0.933996 0.894660 0.938197 0.898400 0.944484
2 0.914303 0.929835 0.913243 0.934958 0.910222 0.939302 0.905701 0.942204 0.900369 0.943223 0.895036 0.942204 0.890516 0.939302 0.887495 0.934958 0.886434 0.929835 0.887495 0.924711 0.890516 0.920368 0.895036 0.917465 0.900369 0.916446 0.905701 0.917465 0.910222 0.920368 0.913243 0.924711
2 0.047500 0.814959 0.046545 0.820604 0.043827 0.825390 0.039758 0.828588 0.034959 0.829711 0.030160 0.828588 0.026091 0.825390 0.023373 0.820604 0.022418 0.814959 0.023373 0.809313 0.026091 0.804527 0.030160 0.801330 0.034959 0.800207 0.039758 0.801330 0.043827 0.804527 0.046545 0.809313
2 0.023770 0.796736 0.022448 0.803978 0.018681 0.810118 0.013043 0.814221 0.006393 0.815661 0.000000 0.814221 0.000000 0.810118 0.000000 0.803978 0.000000 0.796736 0.000000 0.789493 0.000000 0.783353 0.000000 0.779251 0.006393 0.777810 0.013043 0.779251 0.018681 0.783353 0.022448 0.789493