2 0.976148 0.380620 0.974722 0.387847 0.970662 0.393973 0.964586 0.398067 0.957418 0.399504 0.950251 0.398067 0.944174 0.393973 0.940114 0.387847 0.938689 0.380620 0.940114 0.373393 0.944174 0.367267 0.950251 0.363173 0.957418 0.361736 0.964586 0.363173 0.970662 0.367267 0.974722 0.373393
2 1.000000 0.374132 1.000000 0.381580 1.000000 0.387895 0.998266 0.392114 0.990205 0.393595 0.982143 0.392114 0.975309 0.387895 0.970743 0.381580 0.969139 0.374132 0.970743 0.366684 0.975309 0.360370 0.982143 0.356151 0.990205 0.354669 0.998266 0.356151 1.000000 0.360370 1.000000 0.366684
2 0.848525 0.388306 0.847367 0.393951 0.844071 0.398737 0.839138 0.401935 0.833320 0.403058 0.827501 0.401935 0.822568 0.398737 0.819272 0.393951 0.818115 0.388306 0.819272 0.382660 0.822568 0.377874 0.827501 0.374677 0.833320 0.373554 0.839138 0.374677 0.844071 0.377874 0.847367 0.382660
2 0.826311 0.400083 0.824661 0.406629 0.819961 0.412179 0.812928 0.415888 0.804631 0.417190 0.796334 0.415888 0.789301 0.412179 0.784601 0.406629 0.782951 0.400083 0.784601 0.393536 0.789301 0.387986 0.796334 0.384277 0.804631 0.382975 0.812928 0.384277 0.819961 0.387986 0.824661 0.393536
2 0.877828 0.970579 0.876184 0.978912 0.871502 0.985977 0.864495 0.990698 0.856230 0.992355 0.847964 0.990698 0.840957 0.985977 0.836275 0.978912 0.834631 0.970579 0.836275 0.962245 0.840957 0.955180 0.847964 0.950459 0.856230 0.948802 0.864495 0.950459 0.871502 0.955180 0.876184 0.962245
2 0.896803 0.950537 0.895555 0.957543 0.892002 0.963481 0.886683 0.967450 0.880410 0.968843 0.874136 0.967450 0.868818 0.963481 0.865264 0.957543 0.864016 0.950537 0.865264 0.943532 0.868818 0.937593 0.874136 0.933625 0.880410 0.932231 0.886683 0.933625 0.892002 0.937593 0.895555 0.943532
2 0.914959 0.937479 0.913939 0.942808 0.911034 0.947326 0.906686 0.950345 0.901557 0.951405 0.896429 0.950345 0.892081 0.947326 0.889176 0.942808 0.888156 0.937479 0.889176 0.932150 0.892081 0.927632 0.896429 0.924614 0.901557 0.923554 0.906686 0.924614 0.911034 0.927632 0.913939 0.932150
2 0.126803 0.348264 0.125618 0.355270 0.122242 0.361209 0.117189 0.365177 0.111230 0.366570 0.105270 0.365177 0.100217 0.361209 0.096841 0.355270 0.095656 0.348264 0.096841 0.341259 0.100217 0.335320 0.105270 0.331352 0.111230 0.329959 0.117189 0.331352 0.122242 0.335320 0.125618 0.341259
2 0.101885 0.361322 0.100385 0.369324 0.096111 0.376107 0.089716 0.380640 0.082172 0.382231 0.074628 0.380640 0.068233 0.376107 0.063960 0.369324 0.062459 0.361322 0.063960 0.353321 0.068233 0.346537 0.074628 0.342005 0.082172 0.340413 0.089716 0.342005 0.096111 0.346537 0.100385 0.353321
2 0.069713 0.383843 0.068172 0.390848 0.063783 0.396787 0.057215 0.400755 0.049467 0.402149 0.041719 0.400755 0.035151 0.396787 0.030762 0.390848 0.029221 0.383843 0.030762 0.376838 0.035151 0.370899 0.041719 0.366931 0.049467 0.365537 0.057215 0.366931 0.063783 0.370899 0.068172 0.376838
2 0.087377 0.214835 0.085954 0.221239 0.081903 0.226669 0.075840 0.230296 0.068689 0.231570 0.061537 0.230296 0.055474 0.226669 0.051423 0.221239 0.050000 0.214835 0.051423 0.208430 0.055474 0.203001 0.061537 0.199373 0.068689 0.198099 0.075840 0.199373 0.081903 0.203001 0.085954 0.208430
2 0.120574 0.209091 0.119073 0.216903 0.114800 0.223525 0.108405 0.227950 0.100861 0.229504 0.093317 0.227950 0.086921 0.223525 0.082648 0.216903 0.081148 0.209091 0.082648 0.201279 0.086921 0.194657 0.093317 0.190232 0.100861 0.188678 0.108405 0.190232 0.114800 0.194657 0.119073 0.201279
5 0.988984 0.470196 0.893656 0.664081 0.915688 0.675093 1.000000 0.481209
5 0.815535 0.417406 0.870331 0.455381 0.884260 0.434949 0.829465 0.396974
5 0.781040 0.400611 0.716055 0.449159 0.694349 0.486283 0.670374 0.562275 0.693807 0.569791 0.716609 0.496419 0.733796 0.465588 0.795435 0.420712
5 0.962830 0.359307 0.947420 0.297159 0.923564 0.303172 0.938974 0.365321
5 0.064316 0.392134 0.078165 0.428655 0.117551 0.463159 0.133679 0.444444 0.097897 0.415387 0.087651 0.384312
5 0.104930 0.343424 0.164889 0.255407 0.144619 0.241370 0.084660 0.329386
5 0.094045 0.384129 0.150301 0.424731 0.261715 0.416257 0.296187 0.433342 0.374958 0.426441 0.372829 0.401741 0.301154 0.410189 0.267035 0.393079 0.157185 0.402606 0.109234 0.364631
5 0.060564 0.233918 0.072206 0.264642 0.091099 0.272002 0.111672 0.306547 0.132754 0.293784 0.107138 0.254532 0.089682 0.250752 0.084518 0.228314
5 0.106985 0.182883 0.095017 0.091396 0.070638 0.094637 0.082606 0.186125
5 0.114942 0.192061 0.148005 0.154678 0.139439 0.106372 0.115233 0.110735 0.127763 0.147567 0.098665 0.173477
5 0.130779 0.221074 0.183706 0.211939 0.192217 0.163036 0.246746 0.138117 0.313508 0.131216 0.311000 0.106552 0.240528 0.114443 0.175392 0.148433 0.171844 0.196281 0.130779 0.196281
5 0.163948 0.213471 0.186202 0.266984 0.208880 0.257396 0.186626 0.203884
5 0.000000 0.828986 0.024064 0.867788 0.052752 0.884317 0.064953 0.862790 0.039730 0.849237 0.011042 0.813411
5 0.010616 0.801968 0.038343 0.765452 0.034245 0.688345 0.009690 0.689672 0.016925 0.757825 0.000000 0.785387
5 0.017024 0.776764 0.090456 0.820562 0.151932 0.841223 0.159708 0.817702 0.100640 0.798153 0.029615 0.755467