5 0.044647 0.001189 0.058171 0.142677 0.082648 0.140298 0.069124 0.000000
5 0.956671 0.115824 0.876560 0.021018 0.862175 0.000000 0.840530 0.005883 0.856362 0.034920 0.937919 0.131862
5 0.787173 0.133569 0.702705 0.086544 0.690819 0.108249 0.775286 0.155274
5 0.351524 0.545067 0.507790 0.660762 0.650577 0.731258 0.661391 0.708990 0.520484 0.639643 0.366099 0.525098
5 0.610216 0.451751 0.691774 0.348942 0.672571 0.333455 0.591013 0.436265
5 0.632827 0.485472 0.773919 0.518008 0.898260 0.532331 0.959408 0.514687 0.952642 0.490850 0.896368 0.508108 0.778157 0.493619 0.638320 0.461305
5 0.751784 0.505528 0.775062 0.608338 0.799036 0.602819 0.775757 0.500009
5 0.985896 0.594293 0.904791 0.642296 0.842372 0.557401 0.824872 0.507442 0.801685 0.515699 0.820865 0.568862 0.899965 0.660913 0.996072 0.616864
5 0.871269 0.601540 0.885818 0.566292 0.863116 0.556766 0.848567 0.592014
5 0.883232 0.640863 0.613769 0.912903 0.564220 0.986332 0.584551 1.000000 0.632629 0.928641 0.900621 0.658393
2 0.920000 0.616240 0.918946 0.622818 0.915943 0.628395 0.911449 0.632121 0.906148 0.633430 0.900846 0.632121 0.896352 0.628395 0.893350 0.622818 0.892295 0.616240 0.893350 0.609661 0.896352 0.604084 0.900846 0.600358 0.906148 0.599050 0.911449 0.600358 0.915943 0.604084 0.918946 0.609661
2 0.793525 0.794050 0.792389 0.801450 0.789155 0.807724 0.784315 0.811916 0.778607 0.813388 0.772898 0.811916 0.768058 0.807724 0.764824 0.801450 0.763689 0.794050 0.764824 0.786649 0.768058 0.780375 0.772898 0.776183 0.778607 0.774711 0.784315 0.776183 0.789155 0.780375 0.792389 0.786649
2 0.787746 0.824545 0.786785 0.830238 0.784049 0.835064 0.779954 0.838289 0.775123 0.839421 0.770292 0.838289 0.766197 0.835064 0.763461 0.830238 0.762500 0.824545 0.763461 0.818853 0.766197 0.814027 0.770292 0.810802 0.775123 0.809669 0.779954 0.810802 0.784049 0.814027 0.786785 0.818853
5 0.634460 0.894883 0.624788 0.943643 0.648901 0.948506 0.658573 0.899745
0 0.310902 0.453058 0.309548 0.457881 0.305692 0.461970 0.299922 0.464702 0.293115 0.465661 0.286308 0.464702 0.280538 0.461970 0.276682 0.457881 0.275328 0.453058 0.276682 0.448235 0.280538 0.444146 0.286308 0.441414 0.293115 0.440455 0.299922 0.441414 0.305692 0.444146 0.309548 0.448235
0 0.196311 0.482273 0.195157 0.488124 0.191870 0.493084 0.186951 0.496398 0.181148 0.497562 0.175345 0.496398 0.170425 0.493084 0.167138 0.488124 0.165984 0.482273 0.167138 0.476422 0.170425 0.471462 0.175345 0.468147 0.181148 0.466983 0.186951 0.468147 0.191870 0.471462 0.195157 0.476422
0 0.234467 0.465000 0.232864 0.470329 0.228297 0.474847 0.221463 0.477866 0.213402 0.478926 0.205340 0.477866 0.198506 0.474847 0.193940 0.470329 0.192336 0.465000 0.193940 0.459671 0.198506 0.455153 0.205340 0.452134 0.213402 0.451074 0.221463 0.452134 0.228297 0.455153 0.232864 0.459671
0 0.248975 0.475620 0.248174 0.479431 0.245890 0.482662 0.242473 0.484820 0.238443 0.485579 0.234412 0.484820 0.230995 0.482662 0.228712 0.479431 0.227910 0.475620 0.228712 0.471809 0.230995 0.468578 0.234412 0.466419 0.238443 0.465661 0.242473 0.466419 0.245890 0.468578 0.248174 0.471809
0 0.275328 0.463678 0.273824 0.468501 0.269542 0.472590 0.263133 0.475322 0.255574 0.476281 0.248014 0.475322 0.241606 0.472590 0.237323 0.468501 0.235820 0.463678 0.237323 0.458855 0.241606 0.454766 0.248014 0.452034 0.255574 0.451074 0.263133 0.452034 0.269542 0.454766 0.273824 0.458855
0 0.438648 0.448388 0.437746 0.453465 0.435178 0.457768 0.431336 0.460643 0.426803 0.461653 0.422271 0.460643 0.418428 0.457768 0.415861 0.453465 0.414959 0.448388 0.415861 0.443312 0.418428 0.439009 0.422271 0.436134 0.426803 0.435124 0.431336 0.436134 0.435178 0.439009 0.437746 0.443312
0 0.417582 0.443099 0.416780 0.447163 0.414497 0.450609 0.411080 0.452911 0.407049 0.453719 0.403018 0.452911 0.399601 0.450609 0.397318 0.447163 0.396516 0.443099 0.397318 0.439035 0.399601 0.435590 0.403018 0.433288 0.407049 0.432479 0.411080 0.433288 0.414497 0.435590 0.416780 0.439035
0 0.401762 0.427149 0.400961 0.432225 0.398677 0.436528 0.395260 0.439404 0.391230 0.440413 0.387199 0.439404 0.383782 0.436528 0.381498 0.432225 0.380697 0.427149 0.381498 0.422073 0.383782 0.417769 0.387199 0.414894 0.391230 0.413884 0.395260 0.414894 0.398677 0.417769 0.400961 0.422073
0 0.165984 0.288388 0.164982 0.293718 0.162130 0.298235 0.157862 0.301254 0.152828 0.302314 0.147793 0.301254 0.143525 0.298235 0.140674 0.293718 0.139672 0.288388 0.140674 0.283059 0.143525 0.278542 0.147793 0.275523 0.152828 0.274463 0.157862 0.275523 0.162130 0.278542 0.164982 0.283059
0 0.189672 0.286364 0.188671 0.290934 0.185819 0.294808 0.181551 0.297397 0.176516 0.298306 0.171482 0.297397 0.167214 0.294808 0.164362 0.290934 0.163361 0.286364 0.164362 0.281794 0.167214 0.277919 0.171482 0.275331 0.176516 0.274421 0.181551 0.275331 0.185819 0.277919 0.188671 0.281794
0 0.218689 0.283058 0.217584 0.287881 0.214439 0.291970 0.209732 0.294702 0.204180 0.295661 0.198628 0.294702 0.193921 0.291970 0.190777 0.287881 0.189672 0.283058 0.190777 0.278235 0.193921 0.274146 0.198628 0.271414 0.204180 0.270455 0.209732 0.271414 0.214439 0.274146 0.217584 0.278235
0 0.405697 0.244545 0.404645 0.248863 0.401651 0.252522 0.397171 0.254968 0.391885 0.255826 0.386600 0.254968 0.382119 0.252522 0.379125 0.248863 0.378074 0.244545 0.379125 0.240228 0.382119 0.236569 0.386600 0.234123 0.391885 0.233264 0.397171 0.234123 0.401651 0.236569 0.404645 0.240228
0 0.403074 0.217975 0.401670 0.223826 0.397672 0.228786 0.391689 0.232101 0.384631 0.233264 0.377573 0.232101 0.371590 0.228786 0.367592 0.223826 0.366189 0.217975 0.367592 0.212124 0.371590 0.207164 0.377573 0.203850 0.384631 0.202686 0.391689 0.203850 0.397672 0.207164 0.401670 0.212124
0 0.410984 0.197397 0.409879 0.200955 0.406734 0.203971 0.402027 0.205986 0.396475 0.206694 0.390923 0.205986 0.386217 0.203971 0.383072 0.200955 0.381967 0.197397 0.383072 0.193839 0.386217 0.190822 0.390923 0.188807 0.396475 0.188099 0.402027 0.188807 0.406734 0.190822 0.409879 0.193839
0 0.416762 0.179050 0.415961 0.184901 0.413677 0.189861 0.410260 0.193175 0.406230 0.194339 0.402199 0.193175 0.398782 0.189861 0.396498 0.184901 0.395697 0.179050 0.396498 0.173199 0.398782 0.168238 0.402199 0.164924 0.406230 0.163760 0.410260 0.164924 0.413677 0.168238 0.415961 0.173199
0 0.379672 0.239504 0.378593 0.244248 0.375519 0.248270 0.370918 0.250957 0.365492 0.251901 0.360065 0.250957 0.355465 0.248270 0.352391 0.244248 0.351311 0.239504 0.352391 0.234760 0.355465 0.230738 0.360065 0.228051 0.365492 0.227107 0.370918 0.228051 0.375519 0.230738 0.378593 0.234760
0 0.361762 0.223760 0.360571 0.229374 0.357177 0.234133 0.352098 0.237313 0.346107 0.238430 0.340115 0.237313 0.335036 0.234133 0.331643 0.229374 0.330451 0.223760 0.331643 0.218147 0.335036 0.213387 0.340115 0.210208 0.346107 0.209091 0.352098 0.210208 0.357177 0.213387 0.360571 0.218147
0 0.334918 0.228264 0.333558 0.234163 0.329684 0.239163 0.323887 0.242504 0.317049 0.243678 0.310211 0.242504 0.304414 0.239163 0.300541 0.234163 0.299180 0.228264 0.300541 0.222366 0.304414 0.217366 0.310211 0.214025 0.317049 0.212851 0.323887 0.214025 0.329684 0.217366 0.333558 0.222366
0 0.293770 0.317355 0.292466 0.321941 0.288753 0.325829 0.283195 0.328427 0.276639 0.329339 0.270084 0.328427 0.264526 0.325829 0.260812 0.321941 0.259508 0.317355 0.260812 0.312769 0.264526 0.308882 0.270084 0.306284 0.276639 0.305372 0.283195 0.306284 0.288753 0.308882 0.292466 0.312769
0 0.291189 0.339339 0.290334 0.344178 0.287899 0.348280 0.284256 0.351021 0.279959 0.351983 0.275662 0.351021 0.272019 0.348280 0.269584 0.344178 0.268730 0.339339 0.269584 0.334500 0.272019 0.330398 0.275662 0.327657 0.279959 0.326694 0.284256 0.327657 0.287899 0.330398 0.290334 0.334500
0 0.326803 0.314711 0.325446 0.319297 0.321582 0.323184 0.315798 0.325782 0.308975 0.326694 0.302153 0.325782 0.296369 0.323184 0.292505 0.319297 0.291148 0.314711 0.292505 0.310125 0.296369 0.306237 0.302153 0.303639 0.308975 0.302727 0.315798 0.303639 0.321582 0.306237 0.325446 0.310125
0 0.351844 0.318719 0.350740 0.323305 0.347595 0.327193 0.342888 0.329790 0.337336 0.330702 0.331784 0.329790 0.327077 0.327193 0.323932 0.323305 0.322828 0.318719 0.323932 0.314133 0.327077 0.310245 0.331784 0.307648 0.337336 0.306736 0.342888 0.307648 0.347595 0.310245 0.350740 0.314133
0 0.330738 0.348636 0.329936 0.353475 0.327653 0.357577 0.324236 0.360318 0.320205 0.361281 0.316174 0.360318 0.312757 0.357577 0.310474 0.353475 0.309672 0.348636 0.310474 0.343797 0.312757 0.339695 0.316174 0.336954 0.320205 0.335992 0.324236 0.336954 0.327653 0.339695 0.329936 0.343797
0 0.337336 0.379215 0.336481 0.386600 0.334047 0.392860 0.330404 0.397043 0.326107 0.398512 0.321809 0.397043 0.318166 0.392860 0.315732 0.386600 0.314877 0.379215 0.315732 0.371830 0.318166 0.365569 0.321809 0.361386 0.326107 0.359917 0.330404 0.361386 0.334047 0.365569 0.336481 0.371830
0 0.365041 0.369917 0.364036 0.374756 0.361176 0.378858 0.356894 0.381599 0.351844 0.382562 0.346794 0.381599 0.342513 0.378858 0.339652 0.374756 0.338648 0.369917 0.339652 0.365078 0.342513 0.360976 0.346794 0.358235 0.351844 0.357273 0.356894 0.358235 0.361176 0.360976 0.364036 0.365078
0 0.361066 0.425785 0.360314 0.430624 0.358173 0.434726 0.354968 0.437467 0.351189 0.438430 0.347409 0.437467 0.344204 0.434726 0.342063 0.430624 0.341311 0.425785 0.342063 0.420946 0.344204 0.416844 0.347409 0.414103 0.351189 0.413140 0.354968 0.414103 0.358173 0.416844 0.360314 0.420946
0 0.349221 0.410496 0.348416 0.416094 0.346124 0.420839 0.342694 0.424010 0.338648 0.425124 0.334601 0.424010 0.331171 0.420839 0.328879 0.416094 0.328074 0.410496 0.328879 0.404898 0.331171 0.400152 0.334601 0.396981 0.338648 0.395868 0.342694 0.396981 0.346124 0.400152 0.348416 0.404898
6 0.000000 0.948017 0.076721 0.902521 0.125615 0.810950 0.106967 0.742893 0.069713 0.712355 0.000000 0.666860
6 0.850205 1.000000 0.856680 0.893099 0.938197 0.864959 1.000000 0.827107 1.000000 1.000000
6 1.000000 0.640248 0.947500 0.613760 0.905574 0.540992 0.907910 0.482314 0.945164 0.433017 0.940492 0.353182 0.998730 0.301529 1.000000 0.348760
6 0.162869 0.559752 0.235041 0.566818 0.342131 0.536281 0.435287 0.461157 0.421311 0.395455 0.391025 0.343802 0.400328 0.289793 0.421311 0.188843 0.400328 0.113719 0.335164 0.090248 0.255984 0.066777 0.188484 0.104339 0.109303 0.151281 0.072049 0.200579 0.093033 0.289793 0.109303 0.371983 0.118607 0.472893