2 0.032705 0.781901 0.031554 0.787009 0.028276 0.791339 0.023369 0.794232 0.017582 0.795248 0.011795 0.794232 0.006888 0.791339 0.003610 0.787009 0.002459 0.781901 0.003610 0.776793 0.006888 0.772463 0.011795 0.769570 0.017582 0.768554 0.023369 0.769570 0.028276 0.772463 0.031554 0.776793
2 0.163689 0.168678 0.162675 0.173596 0.159787 0.177765 0.155466 0.180551 0.150369 0.181529 0.145272 0.180551 0.140950 0.177765 0.138063 0.173596 0.137049 0.168678 0.138063 0.163760 0.140950 0.159590 0.145272 0.156805 0.150369 0.155826 0.155466 0.156805 0.159787 0.159590 0.162675 0.163760
2 0.155615 0.150579 0.154027 0.157948 0.149505 0.164195 0.142737 0.168369 0.134754 0.169835 0.126771 0.168369 0.120003 0.164195 0.115481 0.157948 0.113893 0.150579 0.115481 0.143209 0.120003 0.136962 0.126771 0.132788 0.134754 0.131322 0.142737 0.132788 0.149505 0.136962 0.154027 0.143209
2 0.113893 0.150000 0.112571 0.156262 0.108804 0.161571 0.103166 0.165118 0.096516 0.166364 0.089866 0.165118 0.084229 0.161571 0.080462 0.156262 0.079139 0.150000 0.080462 0.143738 0.084229 0.138429 0.089866 0.134882 0.096516 0.133636 0.103166 0.134882 0.108804 0.138429 0.112571 0.143738
2 0.081434 0.150579 0.080289 0.155718 0.077029 0.160075 0.072149 0.162986 0.066393 0.164008 0.060638 0.162986 0.055758 0.160075 0.052497 0.155718 0.051352 0.150579 0.052497 0.145439 0.055758 0.141082 0.060638 0.138171 0.066393 0.137149 0.072149 0.138171 0.077029 0.141082 0.080289 0.145439
2 0.133566 0.123140 0.132243 0.129845 0.128476 0.135529 0.122838 0.139327 0.116189 0.140661 0.109539 0.139327 0.103901 0.135529 0.100134 0.129845 0.098811 0.123140 0.100134 0.116436 0.103901 0.110752 0.109539 0.106954 0.116189 0.105620 0.122838 0.106954 0.128476 0.110752 0.132243 0.116436
2 0.825246 0.384256 0.824035 0.389728 0.820588 0.394366 0.815430 0.397465 0.809344 0.398554 0.803259 0.397465 0.798100 0.394366 0.794653 0.389728 0.793443 0.384256 0.794653 0.378785 0.798100 0.374146 0.803259 0.371047 0.809344 0.369959 0.815430 0.371047 0.820588 0.374146 0.824035 0.378785
2 0.795738 0.383099 0.794615 0.388144 0.791416 0.392420 0.786630 0.395278 0.780984 0.396281 0.775337 0.395278 0.770551 0.392420 0.767353 0.388144 0.766230 0.383099 0.767353 0.378055 0.770551 0.373778 0.775337 0.370921 0.780984 0.369917 0.786630 0.370921 0.791416 0.373778 0.794615 0.378055
2 0.963730 0.376818 0.962694 0.382511 0.959744 0.387337 0.955330 0.390562 0.950123 0.391694 0.944916 0.390562 0.940502 0.387337 0.937552 0.382511 0.936516 0.376818 0.937552 0.371125 0.940502 0.366299 0.944916 0.363075 0.950123 0.361942 0.955330 0.363075 0.959744 0.366299 0.962694 0.371125
2 0.991025 0.357934 0.989858 0.364291 0.986535 0.369680 0.981562 0.373281 0.975697 0.374545 0.969831 0.373281 0.964858 0.369680 0.961536 0.364291 0.960369 0.357934 0.961536 0.351577 0.964858 0.346188 0.969831 0.342587 0.975697 0.341322 0.981562 0.342587 0.986535 0.346188 0.989858 0.351577
2 0.854754 0.970950 0.853631 0.977086 0.850433 0.982287 0.845646 0.985763 0.840000 0.986983 0.834354 0.985763 0.829567 0.982287 0.826369 0.977086 0.825246 0.970950 0.826369 0.964815 0.829567 0.959613 0.834354 0.956138 0.840000 0.954917 0.845646 0.956138 0.850433 0.959613 0.853631 0.964815
2 0.874057 0.945744 0.872934 0.952322 0.869736 0.957899 0.864949 0.961625 0.859303 0.962934 0.853657 0.961625 0.848871 0.957899 0.845672 0.952322 0.844549 0.945744 0.845672 0.939165 0.848871 0.933589 0.853657 0.929862 0.859303 0.928554 0.864949 0.929862 0.869736 0.933589 0.872934 0.939165
2 0.889959 0.921694 0.889008 0.926517 0.886298 0.930606 0.882243 0.933338 0.877459 0.934298 0.872675 0.933338 0.868620 0.930606 0.865911 0.926517 0.864959 0.921694 0.865911 0.916871 0.868620 0.912782 0.872675 0.910050 0.877459 0.909091 0.882243 0.910050 0.886298 0.912782 0.889008 0.916871