5 0.014041 0.758474 0.070252 0.655041 0.131113 0.590660 0.113313 0.573554 0.050590 0.640493 0.000000 0.746485
5 0.000000 0.880921 0.337338 0.942161 0.341678 0.917757 0.002990 0.856517
5 0.990104 0.406553 0.901375 0.182876 0.878543 0.192083 0.967273 0.415761
5 0.988929 0.547478 0.944543 0.602148 0.963571 0.617852 1.000000 0.563183
5 0.990613 0.658646 0.939310 0.723915 0.931892 0.942634 0.956468 0.943482 0.960985 0.732345 1.000000 0.674660
5 0.756132 0.404858 0.698236 0.504495 0.604589 0.815197 0.628116 0.822406 0.720590 0.514398 0.777311 0.417456
5 0.775792 0.426050 0.854686 0.431009 0.856216 0.406264 0.777322 0.401305
5 0.207310 0.297161 0.340091 0.207920 0.396951 0.133535 0.434778 0.059295 0.453098 0.003923 0.429771 0.000000 0.412188 0.049688 0.376303 0.120262 0.323591 0.189987 0.193755 0.276475
5 0.136908 0.353890 0.184149 0.272630 0.206702 0.211596 0.260246 0.159473 0.313565 0.126746 0.300779 0.105568 0.245347 0.139933 0.186752 0.198114 0.162108 0.261813 0.115714 0.341317
5 0.112410 0.341755 0.058717 0.282169 0.014660 0.265805 0.006160 0.289071 0.045213 0.301964 0.093902 0.358080
5 0.063647 0.387680 0.049753 0.350242 0.026722 0.358931 0.040616 0.396369
5 0.196459 0.441805 0.292160 0.435709 0.338720 0.458103 0.578235 0.429124 0.626965 0.450157 0.636642 0.427364 0.581690 0.405409 0.343086 0.434828 0.297352 0.412368 0.195344 0.417038
5 0.310928 0.433817 0.345723 0.401090 0.328949 0.382960 0.294154 0.415687
5 0.203031 0.353584 0.246663 0.400105 0.262714 0.453397 0.295173 0.495463 0.314581 0.480239 0.284239 0.442374 0.267584 0.388359 0.221232 0.336912
5 0.851658 0.924583 0.733994 0.972600 0.743219 0.995582 0.860883 0.947566
5 0.904703 0.909550 0.893275 0.868420 0.861021 0.842965 0.845864 0.862489 0.873658 0.880698 0.880625 0.914583
5 0.957184 0.942037 1.000000 0.924433 0.995726 0.901186 0.948636 0.918790
5 0.900734 0.968123 0.966594 1.000000 0.978488 0.983117 0.912627 0.946422
5 0.878679 0.960916 0.872670 0.981742 0.813818 0.930916 0.797821 0.949746 0.873083 1.000000 0.895501 0.979001
2 0.798238 0.378884 0.796625 0.388467 0.792032 0.396591 0.785158 0.402019 0.777049 0.403926 0.768941 0.402019 0.762067 0.396591 0.757474 0.388467 0.755861 0.378884 0.757474 0.369301 0.762067 0.361177 0.768941 0.355749 0.777049 0.353843 0.785158 0.355749 0.792032 0.361177 0.796625 0.369301
2 0.892705 0.939917 0.891370 0.947856 0.887567 0.954585 0.881877 0.959082 0.875164 0.960661 0.868451 0.959082 0.862761 0.954585 0.858958 0.947856 0.857623 0.939917 0.858958 0.931979 0.862761 0.925249 0.868451 0.920753 0.875164 0.919174 0.881877 0.920753 0.887567 0.925249 0.891370 0.931979
2 0.919385 0.939917 0.918094 0.946464 0.914416 0.952014 0.908911 0.955723 0.902418 0.957025 0.895925 0.955723 0.890420 0.952014 0.886742 0.946464 0.885451 0.939917 0.886742 0.933371 0.890420 0.927821 0.895925 0.924112 0.902418 0.922810 0.908911 0.924112 0.914416 0.927821 0.918094 0.933371
2 0.944795 0.932603 0.943550 0.938217 0.940006 0.942976 0.934700 0.946156 0.928443 0.947273 0.922185 0.946156 0.916880 0.942976 0.913335 0.938217 0.912090 0.932603 0.913335 0.926990 0.916880 0.922230 0.922185 0.919051 0.928443 0.917934 0.934700 0.919051 0.940006 0.922230 0.943550 0.926990
2 0.126352 0.382521 0.124658 0.389795 0.119834 0.395962 0.112615 0.400082 0.104098 0.401529 0.095582 0.400082 0.088362 0.395962 0.083538 0.389795 0.081844 0.382521 0.083538 0.375247 0.088362 0.369080 0.095582 0.364959 0.104098 0.363512 0.112615 0.364959 0.119834 0.369080 0.124658 0.375247
2 0.152623 0.369298 0.151450 0.375022 0.148110 0.379875 0.143110 0.383118 0.137213 0.384256 0.131316 0.383118 0.126317 0.379875 0.122976 0.375022 0.121803 0.369298 0.122976 0.363573 0.126317 0.358720 0.131316 0.355478 0.137213 0.354339 0.143110 0.355478 0.148110 0.358720 0.151450 0.363573
2 0.138893 0.342810 0.137895 0.348977 0.135052 0.354205 0.130797 0.357699 0.125779 0.358926 0.120760 0.357699 0.116505 0.354205 0.113662 0.348977 0.112664 0.342810 0.113662 0.336643 0.116505 0.331414 0.120760 0.327921 0.125779 0.326694 0.130797 0.327921 0.135052 0.331414 0.137895 0.336643
2 0.071557 0.406116 0.070341 0.411840 0.066876 0.416693 0.061690 0.419936 0.055574 0.421074 0.049457 0.419936 0.044272 0.416693 0.040807 0.411840 0.039590 0.406116 0.040807 0.400391 0.044272 0.395538 0.049457 0.392296 0.055574 0.391157 0.061690 0.392296 0.066876 0.395538 0.070341 0.400391
2 0.090943 0.410702 0.089901 0.415541 0.086933 0.419644 0.082492 0.422385 0.077254 0.423347 0.072016 0.422385 0.067575 0.419644 0.064608 0.415541 0.063566 0.410702 0.064608 0.405864 0.067575 0.401761 0.072016 0.399020 0.077254 0.398058 0.082492 0.399020 0.086933 0.401761 0.089901 0.405864
2 0.110369 0.425702 0.109586 0.434511 0.107356 0.441978 0.104019 0.446967 0.100082 0.448719 0.096145 0.446967 0.092808 0.441978 0.090578 0.434511 0.089795 0.425702 0.090578 0.416894 0.092808 0.409427 0.096145 0.404438 0.100082 0.402686 0.104019 0.404438 0.107356 0.409427 0.109586 0.416894
2 0.181148 0.453306 0.180321 0.460359 0.177967 0.466338 0.174443 0.470333 0.170287 0.471736 0.166131 0.470333 0.162607 0.466338 0.160253 0.460359 0.159426 0.453306 0.160253 0.446253 0.162607 0.440274 0.166131 0.436279 0.170287 0.434876 0.174443 0.436279 0.177967 0.440274 0.180321 0.446253
2 0.102500 0.243017 0.101084 0.250607 0.097050 0.257042 0.091014 0.261341 0.083893 0.262851 0.076773 0.261341 0.070737 0.257042 0.066703 0.250607 0.065287 0.243017 0.066703 0.235426 0.070737 0.228991 0.076773 0.224692 0.083893 0.223182 0.091014 0.224692 0.097050 0.228991 0.101084 0.235426
6 0.015082 0.865041 0.074139 0.827521 0.047910 0.765785 0.000000 0.750413 0.000000 0.862645
6 0.778525 0.379793 0.736967 0.382025 0.756639 0.421694 0.789467 0.426116
6 1.000000 0.464339 0.949180 0.419504 0.955738 0.377603 1.000000 0.377603
6 0.052295 0.382025 0.052295 0.428306 0.144139 0.472438 0.196639 0.428306 0.133238 0.366570
6 0.110656 0.155702 0.059221 0.197851 0.101025 0.285413 0.200738 0.340537 0.213607 0.298388 0.117090 0.214050