5 0.011588 0.716086 0.040891 0.632780 0.017715 0.624493 0.000000 0.707798
5 0.000000 0.875487 0.034803 0.892747 0.071087 0.898239 0.125472 0.916008 0.133052 0.892422 0.076754 0.874195 0.041796 0.869223 0.006510 0.852942
5 0.747116 0.405985 0.705039 0.444504 0.656575 0.528084 0.634861 0.624815 0.618673 0.675187 0.642065 0.682830 0.658548 0.631379 0.679141 0.537149 0.723786 0.460089 0.763458 0.424511
5 0.984914 0.512831 0.956599 0.583538 0.937763 0.648111 0.895906 0.710142 0.891906 0.752037 0.906578 0.803896 0.930225 0.797095 0.915938 0.750106 0.918139 0.718790 0.959549 0.658900 0.979759 0.591797 1.000000 0.522128
5 0.959939 0.361503 0.947131 0.281004 0.919221 0.221748 0.897008 0.232384 0.923873 0.288208 0.935635 0.365274
5 0.874860 0.922117 0.861500 0.887489 0.838582 0.896478 0.851943 0.931106
5 0.818725 0.947840 0.764299 0.969948 0.773488 0.992945 0.827914 0.970838
5 0.863496 0.978768 0.901652 1.000000 0.916709 0.988959 0.878553 0.959166
5 0.062736 0.397290 0.066522 0.423945 0.106703 0.472250 0.156723 0.475819 0.185370 0.496026 0.199466 0.475710 0.165019 0.453329 0.117864 0.452584 0.088698 0.415727 0.087264 0.395520
5 0.084474 0.337966 0.050129 0.296106 0.031182 0.311910 0.065526 0.353770
5 0.090535 0.397647 0.150840 0.439013 0.254981 0.422127 0.282350 0.444821 0.478497 0.426060 0.476175 0.401378 0.290224 0.424072 0.262644 0.401400 0.156842 0.416775 0.105284 0.377808
5 0.172876 0.242540 0.201125 0.190004 0.290390 0.154816 0.367685 0.091304 0.352151 0.072085 0.278220 0.133632 0.186181 0.172047 0.151796 0.229775
5 0.049789 0.248398 0.087457 0.293090 0.149753 0.329040 0.214179 0.388214 0.230739 0.369885 0.164182 0.309141 0.103080 0.274454 0.068736 0.232594
5 0.103928 0.341034 0.151182 0.267439 0.130540 0.253966 0.083286 0.327561
5 0.070083 0.166417 0.071855 0.104438 0.037511 0.059686 0.018063 0.074859 0.049876 0.111021 0.045573 0.164409
5 0.099226 0.245290 0.136536 0.249229 0.155933 0.296246 0.197450 0.330874 0.213124 0.311770 0.175267 0.282300 0.151020 0.232809 0.105200 0.221239
2 0.095902 0.370248 0.094236 0.378692 0.089492 0.385851 0.082392 0.390634 0.074016 0.392314 0.065641 0.390634 0.058541 0.385851 0.053797 0.378692 0.052131 0.370248 0.053797 0.361804 0.058541 0.354645 0.065641 0.349862 0.074016 0.348182 0.082392 0.349862 0.089492 0.354645 0.094236 0.361804
2 0.120041 0.358058 0.118684 0.364937 0.114819 0.370768 0.109036 0.374665 0.102213 0.376033 0.095391 0.374665 0.089607 0.370768 0.085742 0.364937 0.084385 0.358058 0.085742 0.351179 0.089607 0.345347 0.095391 0.341451 0.102213 0.340083 0.109036 0.341451 0.114819 0.345347 0.118684 0.351179
2 0.056762 0.391157 0.055271 0.396929 0.051024 0.401822 0.044669 0.405092 0.037172 0.406240 0.029675 0.405092 0.023320 0.401822 0.019073 0.396929 0.017582 0.391157 0.019073 0.385385 0.023320 0.380492 0.029675 0.377222 0.037172 0.376074 0.044669 0.377222 0.051024 0.380492 0.055271 0.385385
2 0.100533 0.222810 0.098954 0.229926 0.094459 0.235959 0.087731 0.239989 0.079795 0.241405 0.071859 0.239989 0.065131 0.235959 0.060636 0.229926 0.059057 0.222810 0.060636 0.215694 0.065131 0.209661 0.071859 0.205630 0.079795 0.204215 0.087731 0.205630 0.094459 0.209661 0.098954 0.215694
2 0.061352 0.223967 0.060345 0.229739 0.057475 0.234632 0.053181 0.237901 0.048115 0.239050 0.043049 0.237901 0.038754 0.234632 0.035885 0.229739 0.034877 0.223967 0.035885 0.218195 0.038754 0.213302 0.043049 0.210032 0.048115 0.208884 0.053181 0.210032 0.057475 0.213302 0.060345 0.218195
2 0.079754 0.184504 0.078528 0.192948 0.075037 0.200107 0.069811 0.204891 0.063648 0.206570 0.057484 0.204891 0.052258 0.200107 0.048767 0.192948 0.047541 0.184504 0.048767 0.176060 0.052258 0.168901 0.057484 0.164118 0.063648 0.162438 0.069811 0.164118 0.075037 0.168901 0.078528 0.176060
2 0.788648 0.394463 0.787216 0.402638 0.783138 0.409569 0.777035 0.414200 0.769836 0.415826 0.762637 0.414200 0.756534 0.409569 0.752457 0.402638 0.751025 0.394463 0.752457 0.386287 0.756534 0.379356 0.762637 0.374725 0.769836 0.373099 0.777035 0.374725 0.783138 0.379356 0.787216 0.386287
2 0.864549 0.956860 0.863074 0.963580 0.858871 0.969278 0.852582 0.973085 0.845164 0.974421 0.837746 0.973085 0.831456 0.969278 0.827254 0.963580 0.825779 0.956860 0.827254 0.950139 0.831456 0.944441 0.837746 0.940634 0.845164 0.939298 0.852582 0.940634 0.858871 0.944441 0.863074 0.950139
2 0.888320 0.944091 0.887053 0.950511 0.883446 0.955954 0.878048 0.959591 0.871680 0.960868 0.865313 0.959591 0.859915 0.955954 0.856308 0.950511 0.855041 0.944091 0.856308 0.937671 0.859915 0.932228 0.865313 0.928591 0.871680 0.927314 0.878048 0.928591 0.883446 0.932228 0.887053 0.937671
2 0.913607 0.932893 0.912402 0.939297 0.908973 0.944726 0.903841 0.948354 0.897787 0.949628 0.891733 0.948354 0.886601 0.944726 0.883171 0.939297 0.881967 0.932893 0.883171 0.926488 0.886601 0.921059 0.891733 0.917431 0.897787 0.916157 0.903841 0.917431 0.908973 0.921059 0.912402 0.926488
2 0.973648 0.394091 0.971966 0.402330 0.967177 0.409314 0.960011 0.413981 0.951557 0.415620 0.943104 0.413981 0.935937 0.409314 0.931149 0.402330 0.929467 0.394091 0.931149 0.385852 0.935937 0.378868 0.943104 0.374201 0.951557 0.372562 0.960011 0.374201 0.967177 0.378868 0.971966 0.385852
2 1.000000 0.394091 1.000000 0.404038 1.000000 0.412470 0.996013 0.418104 0.986148 0.420083 0.976282 0.418104 0.967919 0.412470 0.962331 0.404038 0.960369 0.394091 0.962331 0.384144 0.967919 0.375712 0.976282 0.370078 0.986148 0.368099 0.996013 0.370078 1.000000 0.375712 1.000000 0.384144
5 0.987583 0.061058 0.943648 0.206512 0.967172 0.213736 1.000000 0.068281