5 1.000000 0.113377 0.862647 0.002592 0.847599 0.022201 0.989607 0.132986
5 0.828807 0.085257 0.764504 0.050133 0.752791 0.071933 0.817094 0.107057
5 0.044023 0.000000 0.041564 0.074133 0.066141 0.074958 0.068600 0.000412
5 0.379592 0.579496 0.575207 0.703794 0.588318 0.682818 0.392703 0.558521
5 0.075642 0.863487 0.105109 0.801339 0.082924 0.790645 0.053456 0.852794
5 0.000000 0.833140 0.054712 0.908801 0.074386 0.893926 0.018115 0.818265
5 0.505704 0.459723 0.596521 0.444336 0.646031 0.475721 0.841302 0.518207 0.905842 0.489290 0.996948 0.470365 0.991986 0.446081 0.898411 0.465801 0.839092 0.494774 0.655446 0.453226 0.601550 0.421641 0.502410 0.435153
5 0.757595 0.496999 0.768332 0.532123 0.791832 0.524820 0.781094 0.489696
5 0.615800 0.438495 0.658710 0.379074 0.638831 0.364480 0.595921 0.423902
5 0.991946 0.573966 0.872941 0.630750 0.603814 0.918622 0.552953 0.992961 0.573194 1.000000 0.622878 0.934168 0.887071 0.650496 1.000000 0.596447
5 0.891777 0.631894 0.808703 0.518423 0.788919 0.533147 0.871993 0.646618
2 0.779795 0.784917 0.778831 0.791559 0.776086 0.797189 0.771977 0.800952 0.767131 0.802273 0.762285 0.800952 0.758176 0.797189 0.755431 0.791559 0.754467 0.784917 0.755431 0.778276 0.758176 0.772645 0.762285 0.768883 0.767131 0.767562 0.771977 0.768883 0.776086 0.772645 0.778831 0.778276
2 0.895656 0.607893 0.894829 0.615230 0.892475 0.621450 0.888951 0.625607 0.884795 0.627066 0.880639 0.625607 0.877115 0.621450 0.874761 0.615230 0.873934 0.607893 0.874761 0.600555 0.877115 0.594335 0.880639 0.590179 0.884795 0.588719 0.888951 0.590179 0.892475 0.594335 0.894829 0.600555
2 0.149877 0.487314 0.148707 0.492137 0.145376 0.496226 0.140390 0.498958 0.134508 0.499917 0.128627 0.498958 0.123641 0.496226 0.120309 0.492137 0.119139 0.487314 0.120309 0.482491 0.123641 0.478402 0.128627 0.475670 0.134508 0.474711 0.140390 0.475670 0.145376 0.478402 0.148707 0.482491
2 0.142213 0.466942 0.140822 0.472145 0.136859 0.476555 0.130929 0.479502 0.123934 0.480537 0.116939 0.479502 0.111009 0.476555 0.107047 0.472145 0.105656 0.466942 0.107047 0.461740 0.111009 0.457329 0.116939 0.454382 0.123934 0.453347 0.130929 0.454382 0.136859 0.457329 0.140822 0.461740
2 0.149918 0.439793 0.148380 0.444996 0.144000 0.449407 0.137445 0.452354 0.129713 0.453388 0.121981 0.452354 0.115426 0.449407 0.111046 0.444996 0.109508 0.439793 0.111046 0.434591 0.115426 0.430180 0.121981 0.427233 0.129713 0.426198 0.137445 0.427233 0.144000 0.430180 0.148380 0.434591
2 0.109508 0.452397 0.107970 0.458706 0.103590 0.464055 0.097035 0.467629 0.089303 0.468884 0.081571 0.467629 0.075016 0.464055 0.070636 0.458706 0.069098 0.452397 0.070636 0.446087 0.075016 0.440738 0.081571 0.437164 0.089303 0.435909 0.097035 0.437164 0.103590 0.440738 0.107970 0.446087
2 0.080656 0.484380 0.079411 0.490310 0.075866 0.495337 0.070561 0.498696 0.064303 0.499876 0.058045 0.498696 0.052740 0.495337 0.049196 0.490310 0.047951 0.484380 0.049196 0.478450 0.052740 0.473423 0.058045 0.470064 0.064303 0.468884 0.070561 0.470064 0.075866 0.473423 0.079411 0.478450
2 0.042172 0.501860 0.040709 0.507062 0.036542 0.511473 0.030306 0.514420 0.022951 0.515455 0.015595 0.514420 0.009359 0.511473 0.005193 0.507062 0.003730 0.501860 0.005193 0.496657 0.009359 0.492246 0.015595 0.489299 0.022951 0.488264 0.030306 0.489299 0.036542 0.492246 0.040709 0.496657
2 0.044098 0.433967 0.042782 0.439897 0.039033 0.444924 0.033422 0.448283 0.026803 0.449463 0.020185 0.448283 0.014574 0.444924 0.010825 0.439897 0.009508 0.433967 0.010825 0.428037 0.014574 0.423010 0.020185 0.419651 0.026803 0.418471 0.033422 0.419651 0.039033 0.423010 0.042782 0.428037
0 0.411270 0.549132 0.410194 0.554904 0.407129 0.559797 0.402542 0.563067 0.397131 0.564215 0.391720 0.563067 0.387133 0.559797 0.384068 0.554904 0.382992 0.549132 0.384068 0.543360 0.387133 0.538467 0.391720 0.535198 0.397131 0.534050 0.402542 0.535198 0.407129 0.538467 0.410194 0.543360
0 0.394631 0.525661 0.393683 0.531433 0.390982 0.536326 0.386940 0.539596 0.382172 0.540744 0.377404 0.539596 0.373362 0.536326 0.370662 0.531433 0.369713 0.525661 0.370662 0.519889 0.373362 0.514996 0.377404 0.511727 0.382172 0.510579 0.386940 0.511727 0.390982 0.514996 0.393683 0.519889
6 0.000000 0.962521 0.089959 0.903223 0.115205 0.790496 0.000000 0.707521
6 0.877705 1.000000 0.861926 0.939587 0.905205 0.877769 1.000000 0.852273 1.000000 1.000000
6 1.000000 0.615041 0.955697 0.612273 0.980984 0.532231 0.934057 0.444959 1.000000 0.331942
6 0.158484 0.481322 0.234221 0.564959 0.414590 0.575868 0.457910 0.488595 0.443484 0.401322 0.447090 0.314008 0.429016 0.212149 0.356885 0.110331 0.255902 0.081240 0.136844 0.179421 0.140451 0.299463