5 0.165944 0.185399 0.203210 0.168897 0.227586 0.144108 0.233037 0.123240 0.209258 0.116925 0.207487 0.131722 0.190245 0.148237 0.156433 0.162535
2 0.161598 0.220496 0.160653 0.226173 0.157961 0.230986 0.153933 0.234201 0.149180 0.235331 0.144428 0.234201 0.140399 0.230986 0.137708 0.226173 0.136762 0.220496 0.137708 0.214819 0.140399 0.210006 0.144428 0.206790 0.149180 0.205661 0.153933 0.206790 0.157961 0.210006 0.160653 0.214819
2 0.162746 0.197686 0.161498 0.203363 0.157944 0.208176 0.152626 0.211391 0.146352 0.212521 0.140079 0.211391 0.134761 0.208176 0.131207 0.203363 0.129959 0.197686 0.131207 0.192009 0.134761 0.187196 0.140079 0.183980 0.146352 0.182851 0.152626 0.183980 0.157944 0.187196 0.161498 0.192009
2 0.162746 0.185744 0.161195 0.192512 0.156780 0.198250 0.150172 0.202083 0.142377 0.203430 0.134582 0.202083 0.127974 0.198250 0.123559 0.192512 0.122008 0.185744 0.123559 0.178976 0.127974 0.173238 0.134582 0.169404 0.142377 0.168058 0.150172 0.169404 0.156780 0.173238 0.161195 0.178976
2 0.154836 0.149835 0.153373 0.158121 0.149206 0.165146 0.142970 0.169839 0.135615 0.171488 0.128259 0.169839 0.122023 0.165146 0.117857 0.158121 0.116393 0.149835 0.117857 0.141549 0.122023 0.134524 0.128259 0.129830 0.135615 0.128182 0.142970 0.129830 0.149206 0.134524 0.153373 0.141549
2 0.129959 0.173760 0.128540 0.180734 0.124497 0.186646 0.118448 0.190596 0.111311 0.191983 0.104175 0.190596 0.098126 0.186646 0.094083 0.180734 0.092664 0.173760 0.094083 0.166787 0.098126 0.160875 0.104175 0.156924 0.111311 0.155537 0.118448 0.156924 0.124497 0.160875 0.128540 0.166787
2 0.089262 0.178306 0.088014 0.184410 0.084461 0.189584 0.079142 0.193042 0.072869 0.194256 0.066595 0.193042 0.061277 0.189584 0.057723 0.184410 0.056475 0.178306 0.057723 0.172202 0.061277 0.167027 0.066595 0.163570 0.072869 0.162355 0.079142 0.163570 0.084461 0.167027 0.088014 0.172202
2 0.033607 0.834587 0.032412 0.841070 0.029009 0.846567 0.023917 0.850239 0.017910 0.851529 0.011903 0.850239 0.006811 0.846567 0.003408 0.841070 0.002213 0.834587 0.003408 0.828103 0.006811 0.822607 0.011903 0.818934 0.017910 0.817645 0.023917 0.818934 0.029009 0.822607 0.032412 0.828103
2 0.865943 0.989298 0.864536 0.995781 0.860529 1.000000 0.854532 1.000000 0.847459 1.000000 0.840386 1.000000 0.834389 1.000000 0.830382 0.995781 0.828975 0.989298 0.830382 0.982814 0.834389 0.977318 0.840386 0.973645 0.847459 0.972355 0.854532 0.973645 0.860529 0.977318 0.864536 0.982814
2 0.879385 0.960496 0.878234 0.967201 0.874956 0.972885 0.870050 0.976683 0.864262 0.978017 0.858475 0.976683 0.853569 0.972885 0.850291 0.967201 0.849139 0.960496 0.850291 0.953791 0.853569 0.948107 0.858475 0.944309 0.864262 0.942975 0.870050 0.944309 0.874956 0.948107 0.878234 0.953791
2 0.899549 0.940165 0.898442 0.945131 0.895288 0.949340 0.890568 0.952153 0.885000 0.953140 0.879432 0.952153 0.874712 0.949340 0.871558 0.945131 0.870451 0.940165 0.871558 0.935200 0.874712 0.930990 0.879432 0.928178 0.885000 0.927190 0.890568 0.928178 0.895288 0.930990 0.898442 0.935200
2 0.838525 0.400826 0.837217 0.406092 0.833495 0.410556 0.827924 0.413539 0.821352 0.414587 0.814781 0.413539 0.809210 0.410556 0.805487 0.406092 0.804180 0.400826 0.805487 0.395561 0.809210 0.391096 0.814781 0.388114 0.821352 0.387066 0.827924 0.388114 0.833495 0.391096 0.837217 0.395561
2 0.808197 0.404876 0.806852 0.411692 0.803023 0.417470 0.797292 0.421330 0.790533 0.422686 0.783773 0.421330 0.778042 0.417470 0.774213 0.411692 0.772869 0.404876 0.774213 0.398060 0.778042 0.392283 0.783773 0.388422 0.790533 0.387066 0.797292 0.388422 0.803023 0.392283 0.806852 0.398060
2 0.984057 0.323884 0.982635 0.330510 0.978584 0.336127 0.972521 0.339880 0.965369 0.341198 0.958217 0.339880 0.952154 0.336127 0.948103 0.330510 0.946680 0.323884 0.948103 0.317258 0.952154 0.311641 0.958217 0.307888 0.965369 0.306570 0.972521 0.307888 0.978584 0.311641 0.982635 0.317258
2 1.000000 0.327975 1.000000 0.334206 1.000000 0.339488 1.000000 0.343017 0.994180 0.344256 0.987217 0.343017 0.981313 0.339488 0.977369 0.334206 0.975984 0.327975 0.977369 0.321745 0.981313 0.316463 0.987217 0.312934 0.994180 0.311694 1.000000 0.312934 1.000000 0.316463 1.000000 0.321745