2 0.118320 0.071529 0.116579 0.079024 0.111622 0.085379 0.104202 0.089625 0.095451 0.091116 0.086699 0.089625 0.079280 0.085379 0.074323 0.079024 0.072582 0.071529 0.074323 0.064033 0.079280 0.057679 0.086699 0.053433 0.095451 0.051942 0.104202 0.053433 0.111622 0.057679 0.116579 0.064033
5 0.210175 0.428483 0.248741 0.363649 0.227653 0.350897 0.189087 0.415731
5 0.740873 0.331767 0.845791 0.322097 0.843553 0.297407 0.738635 0.307076
5 0.839624 0.496068 0.905075 0.475862 0.897876 0.452155 0.832425 0.472361
5 0.280314 0.614561 0.311831 0.570842 0.291940 0.556265 0.260423 0.599984
5 0.944795 0.722754 0.935334 0.675199 0.966851 0.621522 0.945690 0.608891 0.912582 0.670635 0.920451 0.726255
2 0.082828 0.111860 0.081524 0.118043 0.077810 0.123284 0.072253 0.126787 0.065697 0.128017 0.059141 0.126787 0.053583 0.123284 0.049870 0.118043 0.048566 0.111860 0.049870 0.105676 0.053583 0.100435 0.059141 0.096932 0.065697 0.095702 0.072253 0.096932 0.077810 0.100435 0.081524 0.105676
2 0.077131 0.083058 0.075390 0.090553 0.070433 0.096908 0.063014 0.101154 0.054262 0.102645 0.045511 0.101154 0.038092 0.096908 0.033134 0.090553 0.031393 0.083058 0.033134 0.075562 0.038092 0.069208 0.045511 0.064962 0.054262 0.063471 0.063014 0.064962 0.070433 0.069208 0.075390 0.075562
2 0.070287 0.049628 0.068721 0.058452 0.064261 0.065932 0.057586 0.070931 0.049713 0.072686 0.041840 0.070931 0.035165 0.065932 0.030705 0.058452 0.029139 0.049628 0.030705 0.040804 0.035165 0.033324 0.041840 0.028325 0.049713 0.026570 0.057586 0.028325 0.064261 0.033324 0.068721 0.040804
2 0.113730 0.040992 0.112597 0.046511 0.109372 0.051189 0.104546 0.054315 0.098852 0.055413 0.093159 0.054315 0.088333 0.051189 0.085108 0.046511 0.083975 0.040992 0.085108 0.035473 0.088333 0.030794 0.093159 0.027668 0.098852 0.026570 0.104546 0.027668 0.109372 0.030794 0.112597 0.035473
2 0.164057 0.065207 0.162142 0.072924 0.156687 0.079466 0.148523 0.083837 0.138893 0.085372 0.129264 0.083837 0.121100 0.079466 0.115645 0.072924 0.113730 0.065207 0.115645 0.057490 0.121100 0.050948 0.129264 0.046576 0.138893 0.045041 0.148523 0.046576 0.156687 0.050948 0.162142 0.057490
2 0.596230 0.180455 0.595053 0.186843 0.591704 0.192259 0.586691 0.195878 0.580779 0.197149 0.574866 0.195878 0.569853 0.192259 0.566504 0.186843 0.565328 0.180455 0.566504 0.174066 0.569853 0.168650 0.574866 0.165031 0.580779 0.163760 0.586691 0.165031 0.591704 0.168650 0.595053 0.174066
2 0.591639 0.149339 0.590117 0.158384 0.585781 0.166052 0.579293 0.171176 0.571639 0.172975 0.563986 0.171176 0.557497 0.166052 0.553162 0.158384 0.551639 0.149339 0.553162 0.140294 0.557497 0.132625 0.563986 0.127502 0.571639 0.125702 0.579293 0.127502 0.585781 0.132625 0.590117 0.140294
2 0.561885 0.117066 0.560275 0.124783 0.555691 0.131325 0.548831 0.135696 0.540738 0.137231 0.532645 0.135696 0.525784 0.131325 0.521200 0.124783 0.519590 0.117066 0.521200 0.109349 0.525784 0.102807 0.532645 0.098436 0.540738 0.096901 0.548831 0.098436 0.555691 0.102807 0.560275 0.109349
2 0.529877 0.106116 0.529007 0.110970 0.526528 0.115086 0.522818 0.117836 0.518443 0.118802 0.514067 0.117836 0.510357 0.115086 0.507879 0.110970 0.507008 0.106116 0.507879 0.101261 0.510357 0.097145 0.514067 0.094395 0.518443 0.093430 0.522818 0.094395 0.526528 0.097145 0.529007 0.101261
2 0.604221 0.112438 0.602524 0.121483 0.597691 0.129151 0.590458 0.134275 0.581926 0.136074 0.573394 0.134275 0.566161 0.129151 0.561328 0.121483 0.559631 0.112438 0.561328 0.103393 0.566161 0.095725 0.573394 0.090601 0.581926 0.088802 0.590458 0.090601 0.597691 0.095725 0.602524 0.103393
2 0.598484 0.072686 0.596918 0.080624 0.592458 0.087354 0.585783 0.091851 0.577910 0.093430 0.570037 0.091851 0.563362 0.087354 0.558902 0.080624 0.557336 0.072686 0.558902 0.064748 0.563362 0.058018 0.570037 0.053521 0.577910 0.051942 0.585783 0.053521 0.592458 0.058018 0.596918 0.064748
2 0.575615 0.046157 0.574613 0.051012 0.571762 0.055127 0.567493 0.057877 0.562459 0.058843 0.557425 0.057877 0.553157 0.055127 0.550305 0.051012 0.549303 0.046157 0.550305 0.041302 0.553157 0.037187 0.557425 0.034437 0.562459 0.033471 0.567493 0.034437 0.571762 0.037187 0.574613 0.041302
2 0.648811 0.080165 0.647158 0.088325 0.642449 0.095242 0.635403 0.099865 0.627090 0.101488 0.618778 0.099865 0.611731 0.095242 0.607022 0.088325 0.605369 0.080165 0.607022 0.072006 0.611731 0.065088 0.618778 0.060466 0.627090 0.058843 0.635403 0.060466 0.642449 0.065088 0.647158 0.072006
2 0.660246 0.104959 0.659288 0.109813 0.656561 0.113929 0.652479 0.116679 0.647664 0.117645 0.642849 0.116679 0.638767 0.113929 0.636040 0.109813 0.635082 0.104959 0.636040 0.100104 0.638767 0.095988 0.642849 0.093238 0.647664 0.092273 0.652479 0.093238 0.656561 0.095988 0.659288 0.100104
2 0.647664 0.023678 0.645923 0.032723 0.640966 0.040391 0.633547 0.045515 0.624795 0.047314 0.616044 0.045515 0.608624 0.040391 0.603667 0.032723 0.601926 0.023678 0.603667 0.014632 0.608624 0.006964 0.616044 0.001841 0.624795 0.000041 0.633547 0.001841 0.640966 0.006964 0.645923 0.014632
2 0.712828 0.021942 0.711174 0.030323 0.706466 0.037428 0.699419 0.042176 0.691107 0.043843 0.682794 0.042176 0.675747 0.037428 0.671039 0.030323 0.669385 0.021942 0.671039 0.013561 0.675747 0.006456 0.682794 0.001708 0.691107 0.000041 0.699419 0.001708 0.706466 0.006456 0.711174 0.013561
2 0.747131 0.017355 0.745565 0.025294 0.741105 0.032023 0.734431 0.036520 0.726557 0.038099 0.718684 0.036520 0.712010 0.032023 0.707550 0.025294 0.705984 0.017355 0.707550 0.009417 0.712010 0.002687 0.718684 0.000000 0.726557 0.000000 0.734431 0.000000 0.741105 0.002687 0.745565 0.009417
2 0.769959 0.016198 0.768568 0.023251 0.764605 0.029230 0.758675 0.033225 0.751680 0.034628 0.744685 0.033225 0.738755 0.029230 0.734793 0.023251 0.733402 0.016198 0.734793 0.009146 0.738755 0.003167 0.744685 0.000000 0.751680 0.000000 0.758675 0.000000 0.764605 0.003167 0.768568 0.009146
5 0.652154 0.070352 0.665323 0.049177 0.679053 0.038805 0.664308 0.018963 0.647723 0.032376 0.631699 0.056591
2 0.744836 0.313017 0.743270 0.319405 0.738810 0.324821 0.732136 0.328440 0.724262 0.329711 0.716389 0.328440 0.709714 0.324821 0.705255 0.319405 0.703689 0.313017 0.705255 0.306628 0.709714 0.301212 0.716389 0.297593 0.724262 0.296322 0.732136 0.297593 0.738810 0.301212 0.743270 0.306628
2 0.728811 0.311322 0.727420 0.318818 0.723458 0.325172 0.717528 0.329418 0.710533 0.330909 0.703538 0.329418 0.697608 0.325172 0.693645 0.318818 0.692254 0.311322 0.693645 0.303827 0.697608 0.297472 0.703538 0.293226 0.710533 0.291736 0.717528 0.293226 0.723458 0.297472 0.727420 0.303827
2 0.715123 0.284215 0.713557 0.291489 0.709097 0.297656 0.702422 0.301776 0.694549 0.303223 0.686676 0.301776 0.680001 0.297656 0.675541 0.291489 0.673975 0.284215 0.675541 0.276941 0.680001 0.270774 0.686676 0.266654 0.694549 0.265207 0.702422 0.266654 0.709097 0.270774 0.713557 0.276941
2 0.899180 0.331488 0.897789 0.337876 0.893827 0.343292 0.887897 0.346911 0.880902 0.348182 0.873907 0.346911 0.867977 0.343292 0.864014 0.337876 0.862623 0.331488 0.864014 0.325099 0.867977 0.319683 0.873907 0.316064 0.880902 0.314793 0.887897 0.316064 0.893827 0.319683 0.897789 0.325099
2 0.879713 0.307273 0.878453 0.312349 0.874864 0.316652 0.869492 0.319527 0.863156 0.320537 0.856820 0.319527 0.851448 0.316652 0.847859 0.312349 0.846598 0.307273 0.847859 0.302197 0.851448 0.297893 0.856820 0.295018 0.863156 0.294008 0.869492 0.295018 0.874864 0.297893 0.878453 0.302197
2 0.898074 0.279008 0.896898 0.286504 0.893548 0.292858 0.888536 0.297104 0.882623 0.298595 0.876710 0.297104 0.871698 0.292858 0.868348 0.286504 0.867172 0.279008 0.868348 0.271513 0.871698 0.265158 0.876710 0.260912 0.882623 0.259421 0.888536 0.260912 0.893548 0.265158 0.896898 0.271513
2 0.918648 0.243306 0.917471 0.250359 0.914122 0.256338 0.909109 0.260333 0.903197 0.261736 0.897284 0.260333 0.892271 0.256338 0.888922 0.250359 0.887746 0.243306 0.888922 0.236253 0.892271 0.230274 0.897284 0.226279 0.903197 0.224876 0.909109 0.226279 0.914122 0.230274 0.917471 0.236253
2 0.838566 0.491736 0.836956 0.499452 0.832372 0.505995 0.825511 0.510366 0.817418 0.511901 0.809325 0.510366 0.802464 0.505995 0.797880 0.499452 0.796270 0.491736 0.797880 0.484019 0.802464 0.477477 0.809325 0.473105 0.817418 0.471570 0.825511 0.473105 0.832372 0.477477 0.836956 0.484019
2 0.828279 0.537231 0.827018 0.546498 0.823429 0.554354 0.818058 0.559603 0.811721 0.561446 0.805385 0.559603 0.800013 0.554354 0.796424 0.546498 0.795164 0.537231 0.796424 0.527965 0.800013 0.520109 0.805385 0.514860 0.811721 0.513017 0.818058 0.514860 0.823429 0.520109 0.827018 0.527965
2 0.821434 0.581033 0.820043 0.589414 0.816081 0.596519 0.810151 0.601267 0.803156 0.602934 0.796161 0.601267 0.790231 0.596519 0.786268 0.589414 0.784877 0.581033 0.786268 0.572652 0.790231 0.565547 0.796161 0.560799 0.803156 0.559132 0.810151 0.560799 0.816081 0.565547 0.820043 0.572652
2 0.931189 0.435785 0.929928 0.442395 0.926339 0.447999 0.920967 0.451743 0.914631 0.453058 0.908295 0.451743 0.902923 0.447999 0.899334 0.442395 0.898074 0.435785 0.899334 0.429175 0.902923 0.423571 0.908295 0.419827 0.914631 0.418512 0.920967 0.419827 0.926339 0.423571 0.929928 0.429175
2 0.928934 0.462314 0.927846 0.467612 0.924745 0.472103 0.920105 0.475103 0.914631 0.476157 0.909158 0.475103 0.904517 0.472103 0.901417 0.467612 0.900328 0.462314 0.901417 0.457017 0.904517 0.452526 0.909158 0.449525 0.914631 0.448471 0.920105 0.449525 0.924745 0.452526 0.927846 0.457017
2 0.946066 0.473264 0.944889 0.478783 0.941540 0.483462 0.936528 0.486588 0.930615 0.487686 0.924702 0.486588 0.919689 0.483462 0.916340 0.478783 0.915164 0.473264 0.916340 0.467746 0.919689 0.463067 0.924702 0.459941 0.930615 0.458843 0.936528 0.459941 0.941540 0.463067 0.944889 0.467746
2 0.979221 0.483058 0.977743 0.490111 0.973532 0.496090 0.967229 0.500085 0.959795 0.501488 0.952361 0.500085 0.946059 0.496090 0.941848 0.490111 0.940369 0.483058 0.941848 0.476005 0.946059 0.470026 0.952361 0.466031 0.959795 0.464628 0.967229 0.466031 0.973532 0.470026 0.977743 0.476005
2 0.923197 0.668099 0.921674 0.675373 0.917339 0.681540 0.910850 0.685661 0.903197 0.687107 0.895543 0.685661 0.889055 0.681540 0.884719 0.675373 0.883197 0.668099 0.884719 0.660825 0.889055 0.654658 0.895543 0.650538 0.903197 0.649091 0.910850 0.650538 0.917339 0.654658 0.921674 0.660825
2 0.954057 0.739545 0.952491 0.747262 0.948031 0.753804 0.941357 0.758176 0.933484 0.759711 0.925610 0.758176 0.918936 0.753804 0.914476 0.747262 0.912910 0.739545 0.914476 0.731829 0.918936 0.725286 0.925610 0.720915 0.933484 0.719380 0.941357 0.720915 0.948031 0.725286 0.952491 0.731829
2 0.959754 0.777603 0.958319 0.785320 0.954232 0.791862 0.948116 0.796234 0.940902 0.797769 0.933687 0.796234 0.927571 0.791862 0.923484 0.785320 0.922049 0.777603 0.923484 0.769886 0.927571 0.763344 0.933687 0.758973 0.940902 0.757438 0.948116 0.758973 0.954232 0.763344 0.958319 0.769886
2 0.990656 0.599504 0.989133 0.607442 0.984798 0.614172 0.978309 0.618669 0.970656 0.620248 0.963002 0.618669 0.956514 0.614172 0.952178 0.607442 0.950656 0.599504 0.952178 0.591566 0.956514 0.584836 0.963002 0.580339 0.970656 0.578760 0.978309 0.580339 0.984798 0.584836 0.989133 0.591566
2 0.983811 0.582190 0.982679 0.588373 0.979454 0.593615 0.974628 0.597117 0.968934 0.598347 0.963241 0.597117 0.958415 0.593615 0.955190 0.588373 0.954057 0.582190 0.955190 0.576007 0.958415 0.570765 0.963241 0.567263 0.968934 0.566033 0.974628 0.567263 0.979454 0.570765 0.982679 0.576007
2 0.997500 0.559711 0.995934 0.567428 0.991474 0.573970 0.984799 0.578341 0.976926 0.579876 0.969053 0.578341 0.962378 0.573970 0.957919 0.567428 0.956352 0.559711 0.957919 0.551994 0.962378 0.545452 0.969053 0.541080 0.976926 0.539545 0.984799 0.541080 0.991474 0.545452 0.995934 0.551994
2 0.716844 0.785207 0.715316 0.792607 0.710962 0.798881 0.704447 0.803073 0.696762 0.804545 0.689077 0.803073 0.682562 0.798881 0.678209 0.792607 0.676680 0.785207 0.678209 0.777806 0.682562 0.771532 0.689077 0.767340 0.696762 0.765868 0.704447 0.767340 0.710962 0.771532 0.715316 0.777806
2 0.750861 0.825702 0.749266 0.833783 0.744727 0.840634 0.737932 0.845211 0.729918 0.846818 0.721904 0.845211 0.715109 0.840634 0.710570 0.833783 0.708975 0.825702 0.710570 0.817622 0.715109 0.810771 0.721904 0.806194 0.729918 0.804587 0.737932 0.806194 0.744727 0.810771 0.749266 0.817622
2 0.785738 0.837562 0.784278 0.844457 0.780120 0.850302 0.773897 0.854207 0.766557 0.855579 0.759217 0.854207 0.752995 0.850302 0.748837 0.844457 0.747377 0.837562 0.748837 0.830667 0.752995 0.824822 0.759217 0.820917 0.766557 0.819545 0.773897 0.820917 0.780120 0.824822 0.784278 0.830667
2 0.757869 0.776860 0.756540 0.783754 0.752755 0.789599 0.747091 0.793505 0.740410 0.794876 0.733729 0.793505 0.728064 0.789599 0.724280 0.783754 0.722951 0.776860 0.724280 0.769965 0.728064 0.764120 0.733729 0.760214 0.740410 0.758843 0.747091 0.760214 0.752755 0.764120 0.756540 0.769965
2 0.788361 0.779050 0.786701 0.786118 0.781975 0.792111 0.774901 0.796115 0.766557 0.797521 0.758214 0.796115 0.751140 0.792111 0.746414 0.786118 0.744754 0.779050 0.746414 0.771981 0.751140 0.765989 0.758214 0.761985 0.766557 0.760579 0.774901 0.761985 0.781975 0.765989 0.786701 0.771981
2 0.753484 0.755744 0.752155 0.762638 0.748370 0.768483 0.742706 0.772389 0.736025 0.773760 0.729343 0.772389 0.723679 0.768483 0.719895 0.762638 0.718566 0.755744 0.719895 0.748849 0.723679 0.743004 0.729343 0.739099 0.736025 0.737727 0.742706 0.739099 0.748370 0.743004 0.752155 0.748849
2 0.723811 0.710868 0.722482 0.717430 0.718698 0.722994 0.713034 0.726711 0.706352 0.728017 0.699671 0.726711 0.694007 0.722994 0.690222 0.717430 0.688893 0.710868 0.690222 0.704305 0.694007 0.698742 0.699671 0.695024 0.706352 0.693719 0.713034 0.695024 0.718698 0.698742 0.722482 0.704305
2 0.688893 0.683182 0.687699 0.689918 0.684296 0.695629 0.679204 0.699445 0.673197 0.700785 0.667190 0.699445 0.662097 0.695629 0.658695 0.689918 0.657500 0.683182 0.658695 0.676445 0.662097 0.670734 0.667190 0.666918 0.673197 0.665579 0.679204 0.666918 0.684296 0.670734 0.687699 0.676445
2 0.756967 0.689752 0.755638 0.697659 0.751854 0.704362 0.746189 0.708840 0.739508 0.710413 0.732827 0.708840 0.727163 0.704362 0.723378 0.697659 0.722049 0.689752 0.723378 0.681845 0.727163 0.675142 0.732827 0.670664 0.739508 0.669091 0.746189 0.670664 0.751854 0.675142 0.755638 0.681845
2 0.728197 0.661612 0.726568 0.668854 0.721931 0.674994 0.714990 0.679097 0.706803 0.680537 0.698616 0.679097 0.691676 0.674994 0.687038 0.668854 0.685410 0.661612 0.687038 0.654369 0.691676 0.648229 0.698616 0.644127 0.706803 0.642686 0.714990 0.644127 0.721931 0.648229 0.726568 0.654369
2 0.294590 0.643595 0.293211 0.651660 0.289284 0.658497 0.283408 0.663065 0.276475 0.664669 0.269543 0.663065 0.263666 0.658497 0.259740 0.651660 0.258361 0.643595 0.259740 0.635530 0.263666 0.628693 0.269543 0.624125 0.276475 0.622521 0.283408 0.624125 0.289284 0.628693 0.293211 0.635530
2 0.280697 0.617645 0.279053 0.624365 0.274371 0.630063 0.267364 0.633870 0.259098 0.635207 0.250833 0.633870 0.243826 0.630063 0.239144 0.624365 0.237500 0.617645 0.239144 0.610924 0.243826 0.605226 0.250833 0.601419 0.259098 0.600083 0.267364 0.601419 0.274371 0.605226 0.279053 0.610924
2 0.240287 0.637975 0.238540 0.646040 0.233565 0.652877 0.226119 0.657445 0.217336 0.659050 0.208553 0.657445 0.201107 0.652877 0.196132 0.646040 0.194385 0.637975 0.196132 0.629910 0.201107 0.623073 0.208553 0.618505 0.217336 0.616901 0.226119 0.618505 0.233565 0.623073 0.238540 0.629910
2 0.198566 0.645702 0.197399 0.651348 0.194076 0.656134 0.189103 0.659332 0.183238 0.660455 0.177372 0.659332 0.172399 0.656134 0.169077 0.651348 0.167910 0.645702 0.169077 0.640057 0.172399 0.635271 0.177372 0.632073 0.183238 0.630950 0.189103 0.632073 0.194076 0.635271 0.197399 0.640057
2 0.332213 0.537603 0.330940 0.546996 0.327316 0.554960 0.321891 0.560280 0.315492 0.562149 0.309093 0.560280 0.303668 0.554960 0.300043 0.546996 0.298770 0.537603 0.300043 0.528210 0.303668 0.520247 0.309093 0.514926 0.315492 0.513058 0.321891 0.514926 0.327316 0.520247 0.330940 0.528210
2 0.353074 0.504628 0.351536 0.512693 0.347156 0.519530 0.340601 0.524098 0.332869 0.525702 0.325137 0.524098 0.318582 0.519530 0.314202 0.512693 0.312664 0.504628 0.314202 0.496563 0.318582 0.489726 0.325137 0.485158 0.332869 0.483554 0.340601 0.485158 0.347156 0.489726 0.351536 0.496563
2 0.190205 0.472355 0.188667 0.480420 0.184287 0.487257 0.177732 0.491826 0.170000 0.493430 0.162268 0.491826 0.155713 0.487257 0.151333 0.480420 0.149795 0.472355 0.151333 0.464291 0.155713 0.457454 0.162268 0.452885 0.170000 0.451281 0.177732 0.452885 0.184287 0.457454 0.188667 0.464291
2 0.204098 0.436570 0.202719 0.444366 0.198793 0.450975 0.192916 0.455391 0.185984 0.456942 0.179051 0.455391 0.173175 0.450975 0.169248 0.444366 0.167869 0.436570 0.169248 0.428774 0.173175 0.422165 0.179051 0.417749 0.185984 0.416198 0.192916 0.417749 0.198793 0.422165 0.202719 0.428774
2 0.265369 0.419008 0.263725 0.426535 0.259043 0.432917 0.252036 0.437180 0.243770 0.438678 0.235505 0.437180 0.228498 0.432917 0.223816 0.426535 0.222172 0.419008 0.223816 0.411481 0.228498 0.405100 0.235505 0.400836 0.243770 0.399339 0.252036 0.400836 0.259043 0.405100 0.263725 0.411481
2 0.304303 0.435165 0.302556 0.442961 0.297581 0.449570 0.290135 0.453986 0.281352 0.455537 0.272570 0.453986 0.265124 0.449570 0.260149 0.442961 0.258402 0.435165 0.260149 0.427369 0.265124 0.420760 0.272570 0.416344 0.281352 0.414793 0.290135 0.416344 0.297581 0.420760 0.302556 0.427369
2 0.259795 0.343223 0.258575 0.351288 0.255102 0.358125 0.249903 0.362693 0.243770 0.364298 0.237638 0.362693 0.232439 0.358125 0.228966 0.351288 0.227746 0.343223 0.228966 0.335158 0.232439 0.328321 0.237638 0.323753 0.243770 0.322149 0.249903 0.323753 0.255102 0.328321 0.258575 0.335158
2 0.276516 0.326364 0.275244 0.333353 0.271619 0.339279 0.266194 0.343238 0.259795 0.344628 0.253396 0.343238 0.247971 0.339279 0.244347 0.333353 0.243074 0.326364 0.244347 0.319374 0.247971 0.313449 0.253396 0.309489 0.259795 0.308099 0.266194 0.309489 0.271619 0.313449 0.275244 0.319374
2 0.257008 0.301116 0.255470 0.309181 0.251090 0.316018 0.244535 0.320586 0.236803 0.322190 0.229071 0.320586 0.222516 0.316018 0.218136 0.309181 0.216598 0.301116 0.218136 0.293051 0.222516 0.286214 0.229071 0.281646 0.236803 0.280041 0.244535 0.281646 0.251090 0.286214 0.255470 0.293051
2 0.257008 0.267397 0.255735 0.274386 0.252111 0.280312 0.246686 0.284271 0.240287 0.285661 0.233888 0.284271 0.228463 0.280312 0.224838 0.274386 0.223566 0.267397 0.224838 0.260407 0.228463 0.254482 0.233888 0.250523 0.240287 0.249132 0.246686 0.250523 0.252111 0.254482 0.255735 0.260407