0 0.097342 0.077731 0.097061 0.079147 0.096260 0.080348 0.095062 0.081151 0.093649 0.081433 0.092236 0.081151 0.091038 0.080348 0.090238 0.079147 0.089957 0.077731 0.090238 0.076314 0.091038 0.075113 0.092236 0.074311 0.093649 0.074029 0.095062 0.074311 0.096260 0.075113 0.097061 0.076314
0 0.087658 0.076029 0.087412 0.077269 0.086711 0.078320 0.085662 0.079023 0.084425 0.079269 0.083188 0.079023 0.082139 0.078320 0.081439 0.077269 0.081193 0.076029 0.081439 0.074789 0.082139 0.073738 0.083188 0.073035 0.084425 0.072788 0.085662 0.073035 0.086711 0.073738 0.087412 0.074789
0 0.089734 0.068923 0.089479 0.070520 0.088754 0.071874 0.087668 0.072778 0.086386 0.073096 0.085105 0.072778 0.084019 0.071874 0.083294 0.070520 0.083039 0.068923 0.083294 0.067326 0.084019 0.065972 0.085105 0.065068 0.086386 0.064750 0.087668 0.065068 0.088754 0.065972 0.089479 0.067326
0 0.086034 0.061510 0.085824 0.063342 0.085224 0.064896 0.084327 0.065934 0.083269 0.066298 0.082210 0.065934 0.081313 0.064896 0.080713 0.063342 0.080503 0.061510 0.080713 0.059677 0.081313 0.058124 0.082210 0.057086 0.083269 0.056721 0.084327 0.057086 0.085224 0.058124 0.085824 0.059677
0 0.074066 0.063567 0.073895 0.065337 0.073410 0.066838 0.072682 0.067840 0.071825 0.068192 0.070967 0.067840 0.070240 0.066838 0.069754 0.065337 0.069583 0.063567 0.069754 0.061797 0.070240 0.060297 0.070967 0.059294 0.071825 0.058942 0.072682 0.059294 0.073410 0.060297 0.073895 0.061797
0 0.075000 0.054808 0.074801 0.056578 0.074234 0.058078 0.073386 0.059081 0.072385 0.059433 0.071384 0.059081 0.070536 0.058078 0.069969 0.056578 0.069770 0.054808 0.069969 0.053038 0.070536 0.051537 0.071384 0.050535 0.072385 0.050183 0.073386 0.050535 0.074234 0.051537 0.074801 0.053038
0 0.075374 0.045298 0.075210 0.047164 0.074744 0.048745 0.074048 0.049802 0.073226 0.050173 0.072404 0.049802 0.071707 0.048745 0.071241 0.047164 0.071078 0.045298 0.071241 0.043432 0.071707 0.041851 0.072404 0.040794 0.073226 0.040423 0.074048 0.040794 0.074744 0.041851 0.075210 0.043432
0 0.080424 0.038163 0.080232 0.039407 0.079685 0.040462 0.078867 0.041166 0.077902 0.041413 0.076937 0.041166 0.076119 0.040462 0.075573 0.039407 0.075381 0.038163 0.075573 0.036920 0.076119 0.035865 0.076937 0.035161 0.077902 0.034913 0.078867 0.035161 0.079685 0.035865 0.080232 0.036920
0 0.076121 0.037163 0.075964 0.038599 0.075519 0.039815 0.074852 0.040628 0.074066 0.040913 0.073280 0.040628 0.072613 0.039815 0.072168 0.038599 0.072011 0.037163 0.072168 0.035728 0.072613 0.034512 0.073280 0.033699 0.074066 0.033413 0.074852 0.033699 0.075519 0.034512 0.075964 0.035728
0 0.076307 0.031029 0.076165 0.032225 0.075760 0.033239 0.075154 0.033916 0.074440 0.034154 0.073725 0.033916 0.073119 0.033239 0.072714 0.032225 0.072572 0.031029 0.072714 0.029833 0.073119 0.028819 0.073725 0.028142 0.074440 0.027904 0.075154 0.028142 0.075760 0.028819 0.076165 0.029833
0 0.075560 0.025279 0.075425 0.026475 0.075041 0.027489 0.074465 0.028166 0.073786 0.028404 0.073107 0.028166 0.072531 0.027489 0.072147 0.026475 0.072011 0.025279 0.072147 0.024083 0.072531 0.023069 0.073107 0.022392 0.073786 0.022154 0.074465 0.022392 0.075041 0.023069 0.075425 0.024083
2 0.165805 0.038202 0.165542 0.039725 0.164795 0.041017 0.163676 0.041880 0.162356 0.042183 0.161037 0.041880 0.159918 0.041017 0.159171 0.039725 0.158908 0.038202 0.159171 0.036679 0.159918 0.035387 0.161037 0.034524 0.162356 0.034221 0.163676 0.034524 0.164795 0.035387 0.165542 0.036679
2 0.159864 0.036452 0.159637 0.037791 0.158992 0.038927 0.158028 0.039686 0.156889 0.039952 0.155751 0.039686 0.154786 0.038927 0.154142 0.037791 0.153915 0.036452 0.154142 0.035113 0.154786 0.033977 0.155751 0.033218 0.156889 0.032952 0.158028 0.033218 0.158992 0.033977 0.159637 0.035113
2 0.040216 0.179308 0.040027 0.180643 0.039490 0.181776 0.038686 0.182532 0.037737 0.182798 0.036789 0.182532 0.035985 0.181776 0.035447 0.180643 0.035259 0.179308 0.035447 0.177972 0.035985 0.176840 0.036789 0.176083 0.037737 0.175817 0.038686 0.176083 0.039490 0.176840 0.040027 0.177972
5 0.154216 0.040193 0.155035 0.054386 0.159333 0.053941 0.158514 0.039749
5 0.175776 0.030909 0.163420 0.021920 0.155631 0.007786 0.154467 0.000000 0.150231 0.000531 0.151759 0.009994 0.160610 0.026110 0.173663 0.035937
5 0.138247 0.055090 0.160265 0.070369 0.162249 0.065247 0.140230 0.049968
5 0.110340 0.030555 0.092019 0.012573 0.083901 0.000000 0.080467 0.001744 0.089021 0.016637 0.107778 0.035195
5 0.000000 0.131265 0.022964 0.165115 0.035198 0.177124 0.037747 0.172472 0.025787 0.160783 0.001549 0.127254
5 0.125015 0.103988 0.126696 0.094233 0.124663 0.070214 0.120380 0.070863 0.122464 0.093858 0.120833 0.102589
5 0.120544 0.107714 0.127477 0.125789 0.146876 0.128799 0.166446 0.102397 0.170123 0.092232 0.174204 0.086771 0.171156 0.082691 0.166672 0.088901 0.162995 0.099066 0.145698 0.123912 0.129801 0.121795 0.124499 0.105420
5 0.111062 0.193505 0.114367 0.225159 0.118636 0.224360 0.115331 0.192707
5 0.057267 0.140547 0.037238 0.151383 0.038854 0.156732 0.058882 0.145896
5 0.104947 0.132113 0.106219 0.148085 0.110505 0.147473 0.109234 0.131502
5 0.069107 0.095865 0.075901 0.102671 0.083669 0.104523 0.088784 0.113081 0.092150 0.109477 0.085852 0.099915 0.077732 0.097597 0.071770 0.091328
5 0.081545 0.140365 0.081545 0.126106 0.077234 0.126106 0.077234 0.140365
5 0.062445 0.129377 0.064945 0.122640 0.075898 0.117850 0.078456 0.107013 0.074346 0.105275 0.073367 0.114168 0.062655 0.118267 0.058819 0.126258
6 0.000812 0.035375 0.022888 0.035375 0.052313 0.023740 0.064547 0.000000 0.000000 0.000000 0.000000 0.031029
6 0.175287 0.045990 0.155323 0.021048 0.164684 0.010308 0.175287 0.012087
6 0.014188 0.081038 0.014188 0.106106 0.032917 0.125798 0.035596 0.156240 0.056329 0.166981 0.067701 0.181308 0.077730 0.204577 0.095122 0.197423 0.112514 0.178615 0.117198 0.154442 0.148635 0.132962 0.148635 0.115058 0.136595 0.106106 0.135927 0.072981 0.135259 0.039856 0.119203 0.030000 0.103822 0.021952 0.089102 0.025529 0.079073 0.039856 0.059677 0.033587 0.042953 0.033587 0.025560 0.045221