5 0.084286 0.157035 0.075405 0.140267 0.076641 0.113892 0.072339 0.113531 0.071461 0.141687 0.080700 0.160235
2 0.039159 0.179317 0.038930 0.180933 0.038278 0.182302 0.037301 0.183217 0.036149 0.183538 0.034998 0.183217 0.034021 0.182302 0.033368 0.180933 0.033139 0.179317 0.033368 0.177702 0.034021 0.176333 0.034998 0.175417 0.036149 0.175096 0.037301 0.175417 0.038278 0.176333 0.038930 0.177702
2 0.154195 0.056250 0.153999 0.057645 0.153440 0.058827 0.152603 0.059617 0.151616 0.059894 0.150629 0.059617 0.149793 0.058827 0.149234 0.057645 0.149037 0.056250 0.149234 0.054855 0.149793 0.053673 0.150629 0.052883 0.151616 0.052606 0.152603 0.052883 0.153440 0.053673 0.153999 0.054855
2 0.151997 0.049538 0.151790 0.051301 0.151200 0.052795 0.150316 0.053794 0.149274 0.054144 0.148232 0.053794 0.147349 0.052795 0.146759 0.051301 0.146552 0.049538 0.146759 0.047776 0.147349 0.046282 0.148232 0.045283 0.149274 0.044933 0.150316 0.045283 0.151200 0.046282 0.151790 0.047776
2 0.088032 0.162981 0.087762 0.164637 0.086994 0.166040 0.085845 0.166978 0.084490 0.167308 0.083135 0.166978 0.081986 0.166040 0.081218 0.164637 0.080948 0.162981 0.081218 0.161325 0.081986 0.159921 0.083135 0.158983 0.084490 0.158654 0.085845 0.158983 0.086994 0.159921 0.087762 0.161325
2 0.132062 0.111673 0.131781 0.113252 0.130980 0.114590 0.129782 0.115484 0.128369 0.115798 0.126956 0.115484 0.125758 0.114590 0.124958 0.113252 0.124677 0.111673 0.124958 0.110095 0.125758 0.108756 0.126956 0.107862 0.128369 0.107548 0.129782 0.107862 0.130980 0.108756 0.131781 0.110095
2 0.051997 0.087558 0.051751 0.088897 0.051050 0.090033 0.050001 0.090791 0.048764 0.091058 0.047527 0.090791 0.046478 0.090033 0.045778 0.088897 0.045532 0.087558 0.045778 0.086218 0.046478 0.085083 0.047527 0.084324 0.048764 0.084058 0.050001 0.084324 0.051050 0.085083 0.051751 0.086218
2 0.062471 0.083846 0.062249 0.085027 0.061615 0.086029 0.060666 0.086698 0.059547 0.086933 0.058429 0.086698 0.057480 0.086029 0.056846 0.085027 0.056624 0.083846 0.056846 0.082665 0.057480 0.081664 0.058429 0.080995 0.059547 0.080760 0.060666 0.080995 0.061615 0.081664 0.062249 0.082665
5 0.125668 0.106332 0.109964 0.102630 0.109217 0.108312 0.124921 0.112014
5 0.128208 0.117119 0.133895 0.126777 0.148062 0.140373 0.150573 0.135685 0.136857 0.122670 0.131620 0.113593
5 0.085614 0.158947 0.093006 0.148226 0.089839 0.144313 0.082446 0.155034
5 0.088891 0.164402 0.099231 0.164763 0.119874 0.159288 0.137261 0.150747 0.147110 0.142084 0.144743 0.137262 0.135341 0.145625 0.118722 0.153747 0.098882 0.159049 0.089026 0.158636
5 0.083732 0.168353 0.082188 0.202151 0.086490 0.202503 0.088035 0.168705
5 0.076270 0.167387 0.084932 0.189478 0.096635 0.205958 0.099759 0.201984 0.088407 0.186161 0.080095 0.164729
5 0.087284 0.166636 0.094059 0.174059 0.096789 0.169595 0.090015 0.162172
5 0.082200 0.156280 0.074279 0.148914 0.057648 0.141077 0.056217 0.146519 0.072318 0.153989 0.079711 0.160989
5 0.049578 0.116526 0.047319 0.136939 0.041028 0.147178 0.028767 0.151473 0.013543 0.168967 0.000000 0.171380 0.000279 0.177101 0.015198 0.174046 0.030653 0.156495 0.043148 0.151898 0.051054 0.139339 0.053827 0.117493
5 0.030347 0.152363 0.016489 0.135873 0.013625 0.140185 0.027483 0.156675
5 0.011778 0.172328 0.013631 0.179751 0.017719 0.177922 0.015866 0.170499
5 0.048043 0.139602 0.058201 0.148669 0.060592 0.143869 0.050434 0.134802
5 0.042822 0.114746 0.035429 0.160496 0.039642 0.161716 0.047035 0.115966
5 0.052910 0.130314 0.060913 0.125401 0.059116 0.120157 0.051113 0.125070
5 0.067128 0.076950 0.082635 0.054932 0.095295 0.033848 0.109771 0.008291 0.106336 0.004805 0.091898 0.030299 0.079388 0.051146 0.063993 0.072992
5 0.060788 0.002155 0.066467 0.011719 0.072287 0.024536 0.087373 0.039373 0.089926 0.034723 0.075422 0.020752 0.070016 0.008470 0.064169 0.000000
5 0.042218 0.088208 0.028712 0.100058 0.023365 0.110111 0.012341 0.120553 0.000000 0.128361 0.000871 0.133639 0.014451 0.125552 0.026345 0.114173 0.031618 0.104186 0.044549 0.093061
5 0.023442 0.113770 0.027759 0.119125 0.030689 0.114894 0.026372 0.109538
5 0.030341 0.098466 0.021148 0.091144 0.010681 0.087433 0.009577 0.093010 0.019479 0.096399 0.028107 0.103399
5 0.059373 0.072761 0.036984 0.059309 0.026049 0.059056 0.020501 0.061782 0.000000 0.063003 0.000095 0.068766 0.021308 0.067386 0.026695 0.064662 0.036022 0.064816 0.057581 0.078008
5 0.021544 0.063834 0.024008 0.087324 0.028276 0.086522 0.025812 0.063032
5 0.069561 0.070360 0.069131 0.052996 0.065130 0.037746 0.061063 0.039658 0.064943 0.054024 0.065252 0.070505
5 0.049443 0.056795 0.042838 0.045447 0.038344 0.043990 0.034034 0.036163 0.030564 0.039587 0.035926 0.048438 0.040406 0.049868 0.045945 0.060166
6 0.041537 0.096817 0.047083 0.112471 0.055086 0.127317 0.060941 0.124019 0.064634 0.112067 0.073254 0.107529 0.082184 0.101760 0.084339 0.088981 0.074181 0.075798 0.066171 0.065077 0.058786 0.065904 0.047694 0.058894 0.043384 0.062606 0.044619 0.081154
5 0.098570 0.119608 0.095747 0.135471 0.097289 0.152984 0.096091 0.169972 0.098247 0.183155 0.102457 0.181922 0.100341 0.169651 0.101574 0.152952 0.099979 0.135844 0.102752 0.121008
5 0.098641 0.154318 0.110344 0.160500 0.111926 0.155134 0.100224 0.148951
5 0.096647 0.110633 0.104959 0.129594 0.108676 0.126675 0.100365 0.107713
5 0.114057 0.064947 0.099657 0.040821 0.097200 0.028869 0.093044 0.030400 0.095885 0.043371 0.110670 0.068515
5 0.113517 0.074896 0.118755 0.048935 0.114593 0.047431 0.109356 0.073392
5 0.106588 0.118234 0.113236 0.130866 0.121548 0.139106 0.124113 0.134470 0.116293 0.126911 0.110136 0.114959
5 0.119839 0.095161 0.134754 0.093997 0.144701 0.100904 0.151167 0.102144 0.151778 0.096433 0.146022 0.095503 0.135686 0.088569 0.119673 0.089396
6 0.083111 0.104644 0.096968 0.115769 0.110517 0.117423 0.112055 0.110000 0.119138 0.107942 0.120984 0.094337 0.124066 0.079500 0.114828 0.065490 0.106818 0.060135 0.100043 0.057250 0.095122 0.063837 0.096042 0.073731 0.088348 0.086923