2 0.132996 0.113404 0.132751 0.114927 0.132053 0.116219 0.131009 0.117082 0.129777 0.117385 0.128546 0.117082 0.127502 0.116219 0.126804 0.114927 0.126559 0.113404 0.126804 0.111880 0.127502 0.110589 0.128546 0.109726 0.129777 0.109423 0.131009 0.109726 0.132053 0.110589 0.132751 0.111880
2 0.042478 0.178490 0.042249 0.180106 0.041595 0.181475 0.040616 0.182390 0.039461 0.182712 0.038307 0.182390 0.037328 0.181475 0.036674 0.180106 0.036444 0.178490 0.036674 0.176875 0.037328 0.175506 0.038307 0.174591 0.039461 0.174269 0.040616 0.174591 0.041595 0.175506 0.042249 0.176875
2 0.090208 0.165269 0.089937 0.167024 0.089165 0.168512 0.088009 0.169507 0.086645 0.169856 0.085282 0.169507 0.084126 0.168512 0.083353 0.167024 0.083082 0.165269 0.083353 0.163514 0.084126 0.162026 0.085282 0.161032 0.086645 0.160683 0.088009 0.161032 0.089165 0.162026 0.089937 0.163514
2 0.140136 0.060260 0.139907 0.061735 0.139253 0.062986 0.138274 0.063822 0.137119 0.064115 0.135965 0.063822 0.134986 0.062986 0.134332 0.061735 0.134102 0.060260 0.134332 0.058784 0.134986 0.057533 0.135965 0.056697 0.137119 0.056404 0.138274 0.056697 0.139253 0.057533 0.139907 0.058784
2 0.134648 0.061000 0.134449 0.062336 0.133884 0.063468 0.133038 0.064225 0.132040 0.064490 0.131042 0.064225 0.130196 0.063468 0.129631 0.062336 0.129432 0.061000 0.129631 0.059664 0.130196 0.058532 0.131042 0.057775 0.132040 0.057510 0.133038 0.057775 0.133884 0.058532 0.134449 0.059664
2 0.063506 0.101010 0.063304 0.102312 0.062729 0.103416 0.061869 0.104154 0.060855 0.104413 0.059840 0.104154 0.058980 0.103416 0.058406 0.102312 0.058204 0.101010 0.058406 0.099707 0.058980 0.098603 0.059840 0.097865 0.060855 0.097606 0.061869 0.097865 0.062729 0.098603 0.063304 0.099707
2 0.102399 0.055423 0.102186 0.056748 0.101579 0.057871 0.100670 0.058621 0.099598 0.058885 0.098526 0.058621 0.097617 0.057871 0.097009 0.056748 0.096796 0.055423 0.097009 0.054098 0.097617 0.052975 0.098526 0.052225 0.099598 0.051962 0.100670 0.052225 0.101579 0.052975 0.102186 0.054098
2 0.107356 0.063500 0.107192 0.064604 0.106725 0.065540 0.106026 0.066165 0.105201 0.066385 0.104376 0.066165 0.103677 0.065540 0.103210 0.064604 0.103046 0.063500 0.103210 0.062396 0.103677 0.061460 0.104376 0.060835 0.105201 0.060615 0.106026 0.060835 0.106725 0.061460 0.107192 0.062396
2 0.103736 0.063106 0.103587 0.063926 0.103165 0.064622 0.102534 0.065087 0.101789 0.065250 0.101044 0.065087 0.100412 0.064622 0.099990 0.063926 0.099842 0.063106 0.099990 0.062285 0.100412 0.061590 0.101044 0.061125 0.101789 0.060962 0.102534 0.061125 0.103165 0.061590 0.103587 0.062285
2 0.075158 0.084904 0.074950 0.086247 0.074358 0.087386 0.073473 0.088146 0.072428 0.088413 0.071383 0.088146 0.070498 0.087386 0.069906 0.086247 0.069698 0.084904 0.069906 0.083561 0.070498 0.082422 0.071383 0.081661 0.072428 0.081394 0.073473 0.081661 0.074358 0.082422 0.074950 0.083561
2 0.058010 0.076567 0.057828 0.077679 0.057309 0.078621 0.056533 0.079250 0.055618 0.079471 0.054702 0.079250 0.053926 0.078621 0.053408 0.077679 0.053226 0.076567 0.053408 0.075456 0.053926 0.074514 0.054702 0.073885 0.055618 0.073663 0.056533 0.073885 0.057309 0.074514 0.057828 0.075456
2 0.103089 0.096933 0.102882 0.098110 0.102294 0.099108 0.101413 0.099775 0.100374 0.100010 0.099334 0.099775 0.098453 0.099108 0.097865 0.098110 0.097658 0.096933 0.097865 0.095755 0.098453 0.094757 0.099334 0.094090 0.100374 0.093856 0.101413 0.094090 0.102294 0.094757 0.102882 0.095755
2 0.107364 0.096654 0.107181 0.097725 0.106661 0.098632 0.105882 0.099239 0.104964 0.099452 0.104046 0.099239 0.103267 0.098632 0.102747 0.097725 0.102565 0.096654 0.102747 0.095583 0.103267 0.094675 0.104046 0.094069 0.104964 0.093856 0.105882 0.094069 0.106661 0.094675 0.107181 0.095583
2 0.108592 0.094317 0.108462 0.095256 0.108091 0.096051 0.107536 0.096583 0.106882 0.096769 0.106228 0.096583 0.105673 0.096051 0.105303 0.095256 0.105172 0.094317 0.105303 0.093379 0.105673 0.092584 0.106228 0.092052 0.106882 0.091865 0.107536 0.092052 0.108091 0.092584 0.108462 0.093379
5 0.129928 0.118029 0.131932 0.121606 0.135381 0.118144 0.133376 0.114567
5 0.021975 0.000000 0.012737 0.009826 0.015726 0.013982 0.024965 0.002078
5 0.044705 0.002672 0.065646 0.014076 0.067271 0.008732 0.046329 0.000000
5 0.097863 0.050333 0.092547 0.048025 0.091217 0.053513 0.096533 0.055821
5 0.110130 0.095939 0.101760 0.112179 0.105309 0.115455 0.113678 0.099215
5 0.117138 0.096579 0.121970 0.087514 0.132853 0.084428 0.131960 0.078784 0.119844 0.082883 0.113781 0.092960
5 0.118418 0.067303 0.113335 0.035051 0.104549 0.015166 0.100839 0.018103 0.109369 0.037101 0.114197 0.068467
5 0.114516 0.053605 0.106981 0.051086 0.105936 0.056683 0.113472 0.059202
5 0.089764 0.166030 0.104116 0.167344 0.122471 0.161094 0.121408 0.155503 0.103749 0.161672 0.090092 0.160278
5 0.086711 0.159488 0.080741 0.144382 0.076931 0.147080 0.082901 0.162185
5 0.085154 0.161261 0.080886 0.154694 0.077634 0.158480 0.081901 0.165047
5 0.089675 0.162852 0.092664 0.155707 0.088903 0.152889 0.085914 0.160033
5 0.081930 0.165785 0.059523 0.198910 0.062718 0.202782 0.085125 0.169657
5 0.079368 0.170965 0.081933 0.180417 0.085984 0.178448 0.083419 0.168996
5 0.061992 0.083264 0.055505 0.069304 0.047914 0.042226 0.040648 0.029311 0.038363 0.015390 0.032954 0.005602 0.029489 0.009033 0.034517 0.017670 0.036792 0.031572 0.044150 0.044926 0.051650 0.071823 0.058324 0.086294
5 0.053867 0.068002 0.042033 0.062740 0.029346 0.062856 0.022444 0.065726 0.011316 0.064870 0.011069 0.070630 0.022924 0.071375 0.029950 0.068510 0.041335 0.068354 0.052470 0.073460
5 0.073640 0.086433 0.086243 0.076716 0.095151 0.070764 0.093226 0.065602 0.084205 0.071635 0.071489 0.081433
5 0.070448 0.102129 0.081725 0.124502 0.089038 0.132166 0.091695 0.127623 0.084846 0.120630 0.074034 0.098929
5 0.061965 0.104955 0.068955 0.129638 0.072985 0.127593 0.065995 0.102910
5 0.054277 0.108218 0.048718 0.134323 0.041955 0.144626 0.030550 0.150162 0.015600 0.165489 0.018221 0.170069 0.032578 0.155172 0.044256 0.149302 0.052368 0.137100 0.058409 0.109859
5 0.049539 0.136651 0.061622 0.146007 0.063780 0.141013 0.051697 0.131657
5 0.070742 0.083755 0.076252 0.065198 0.088616 0.049873 0.099744 0.029450 0.096262 0.026050 0.085415 0.046052 0.072800 0.061976 0.066758 0.081553
5 0.072566 0.071773 0.069390 0.067090 0.066199 0.070968 0.069374 0.075650
5 0.052106 0.091316 0.038243 0.095562 0.026759 0.111997 0.014043 0.120506 0.015971 0.125667 0.029285 0.116563 0.040228 0.100377 0.052951 0.096973
5 0.059109 0.098873 0.050840 0.088229 0.047852 0.092387 0.056121 0.103031
5 0.050430 0.070933 0.047247 0.089231 0.051445 0.090539 0.054628 0.072241
5 0.068862 0.078316 0.054559 0.062143 0.051777 0.066550 0.066080 0.082723
5 0.080135 0.096585 0.096033 0.094027 0.095519 0.088299 0.079621 0.090857
2 0.077658 0.095635 0.077416 0.097121 0.076726 0.098381 0.075693 0.099224 0.074476 0.099519 0.073258 0.099224 0.072225 0.098381 0.071535 0.097121 0.071293 0.095635 0.071535 0.094148 0.072225 0.092888 0.073258 0.092046 0.074476 0.091750 0.075693 0.092046 0.076726 0.092888 0.077416 0.094148
2 0.063427 0.092000 0.063163 0.093630 0.062413 0.095012 0.061289 0.095935 0.059964 0.096260 0.058639 0.095935 0.057516 0.095012 0.056765 0.093630 0.056501 0.092000 0.056765 0.090370 0.057516 0.088988 0.058639 0.088065 0.059964 0.087740 0.061289 0.088065 0.062413 0.088988 0.063163 0.090370
2 0.104066 0.088990 0.103852 0.090333 0.103243 0.091472 0.102332 0.092233 0.101257 0.092500 0.100182 0.092233 0.099271 0.091472 0.098662 0.090333 0.098448 0.088990 0.098662 0.087647 0.099271 0.086509 0.100182 0.085748 0.101257 0.085481 0.102332 0.085748 0.103243 0.086509 0.103852 0.087647
2 0.115302 0.071317 0.115088 0.072804 0.114479 0.074064 0.113568 0.074906 0.112493 0.075202 0.111418 0.074906 0.110507 0.074064 0.109898 0.072804 0.109684 0.071317 0.109898 0.069831 0.110507 0.068570 0.111418 0.067728 0.112493 0.067433 0.113568 0.067728 0.114479 0.068570 0.115088 0.069831