2 0.103807 0.098654 0.103626 0.100045 0.103111 0.101224 0.102340 0.102012 0.101430 0.102288 0.100520 0.102012 0.099748 0.101224 0.099233 0.100045 0.099052 0.098654 0.099233 0.097263 0.099748 0.096084 0.100520 0.095296 0.101430 0.095019 0.102340 0.095296 0.103111 0.096084 0.103626 0.097263
2 0.108570 0.094327 0.108312 0.096156 0.107575 0.097706 0.106473 0.098742 0.105172 0.099106 0.103872 0.098742 0.102770 0.097706 0.102033 0.096156 0.101774 0.094327 0.102033 0.092498 0.102770 0.090948 0.103872 0.089912 0.105172 0.089548 0.106473 0.089912 0.107575 0.090948 0.108312 0.092498
2 0.073455 0.201913 0.073264 0.203418 0.072717 0.204694 0.071899 0.205547 0.070934 0.205846 0.069969 0.205547 0.069151 0.204694 0.068604 0.203418 0.068412 0.201913 0.068604 0.200408 0.069151 0.199133 0.069969 0.198280 0.070934 0.197981 0.071899 0.198280 0.072717 0.199133 0.073264 0.200408
2 0.072608 0.208663 0.072368 0.210386 0.071686 0.211845 0.070665 0.212821 0.069461 0.213163 0.068257 0.212821 0.067236 0.211845 0.066554 0.210386 0.066315 0.208663 0.066554 0.206941 0.067236 0.205481 0.068257 0.204506 0.069461 0.204163 0.070665 0.204506 0.071686 0.205481 0.072368 0.206941
2 0.130194 0.108240 0.129958 0.109532 0.129287 0.110627 0.128283 0.111358 0.127098 0.111615 0.125913 0.111358 0.124908 0.110627 0.124237 0.109532 0.124001 0.108240 0.124237 0.106949 0.124908 0.105854 0.125913 0.105122 0.127098 0.104865 0.128283 0.105122 0.129287 0.105854 0.129958 0.106949
2 0.126322 0.057433 0.126086 0.058724 0.125415 0.059819 0.124410 0.060551 0.123226 0.060808 0.122041 0.060551 0.121036 0.059819 0.120365 0.058724 0.120129 0.057433 0.120365 0.056141 0.121036 0.055046 0.122041 0.054315 0.123226 0.054058 0.124410 0.054315 0.125415 0.055046 0.126086 0.056141
2 0.121286 0.059250 0.121035 0.060637 0.120322 0.061813 0.119255 0.062599 0.117996 0.062875 0.116737 0.062599 0.115669 0.061813 0.114956 0.060637 0.114705 0.059250 0.114956 0.057863 0.115669 0.056687 0.116737 0.055901 0.117996 0.055625 0.119255 0.055901 0.120322 0.056687 0.121035 0.057863
2 0.051171 0.009731 0.050891 0.011416 0.050094 0.012845 0.048900 0.013799 0.047493 0.014135 0.046085 0.013799 0.044892 0.012845 0.044095 0.011416 0.043815 0.009731 0.044095 0.008045 0.044892 0.006617 0.046085 0.005662 0.047493 0.005327 0.048900 0.005662 0.050094 0.006617 0.050891 0.008045
2 0.063384 0.081317 0.063116 0.082668 0.062353 0.083813 0.061211 0.084578 0.059864 0.084846 0.058516 0.084578 0.057374 0.083813 0.056611 0.082668 0.056343 0.081317 0.056611 0.079967 0.057374 0.078822 0.058516 0.078057 0.059864 0.077788 0.061211 0.078057 0.062353 0.078822 0.063116 0.079967
2 0.044971 0.004798 0.044765 0.005990 0.044178 0.007001 0.043299 0.007676 0.042263 0.007913 0.041226 0.007676 0.040348 0.007001 0.039761 0.005990 0.039555 0.004798 0.039761 0.003606 0.040348 0.002595 0.041226 0.001920 0.042263 0.001683 0.043299 0.001920 0.044178 0.002595 0.044765 0.003606
2 0.066466 0.079106 0.066231 0.080515 0.065563 0.081710 0.064563 0.082508 0.063384 0.082788 0.062204 0.082508 0.061204 0.081710 0.060536 0.080515 0.060302 0.079106 0.060536 0.077696 0.061204 0.076502 0.062204 0.075703 0.063384 0.075423 0.064563 0.075703 0.065563 0.076502 0.066231 0.077696
2 0.069540 0.083817 0.069297 0.085451 0.068606 0.086836 0.067571 0.087762 0.066351 0.088087 0.065130 0.087762 0.064095 0.086836 0.063404 0.085451 0.063161 0.083817 0.063404 0.082184 0.064095 0.080799 0.065130 0.079873 0.066351 0.079548 0.067571 0.079873 0.068606 0.080799 0.069297 0.082184
2 0.064045 0.086471 0.063852 0.087652 0.063304 0.088654 0.062484 0.089323 0.061516 0.089558 0.060548 0.089323 0.059728 0.088654 0.059180 0.087652 0.058987 0.086471 0.059180 0.085290 0.059728 0.084289 0.060548 0.083620 0.061516 0.083385 0.062484 0.083620 0.063304 0.084289 0.063852 0.085290
2 0.057004 0.080577 0.056762 0.082325 0.056070 0.083806 0.055035 0.084797 0.053815 0.085144 0.052594 0.084797 0.051559 0.083806 0.050868 0.082325 0.050625 0.080577 0.050868 0.078829 0.051559 0.077347 0.052594 0.076357 0.053815 0.076010 0.055035 0.076357 0.056070 0.077347 0.056762 0.078829
2 0.057220 0.088231 0.056969 0.089750 0.056254 0.091039 0.055184 0.091900 0.053922 0.092202 0.052661 0.091900 0.051591 0.091039 0.050876 0.089750 0.050625 0.088231 0.050876 0.086711 0.051591 0.085423 0.052661 0.084562 0.053922 0.084260 0.055184 0.084562 0.056254 0.085423 0.056969 0.086711
2 0.054368 0.095885 0.054125 0.097404 0.053434 0.098693 0.052399 0.099553 0.051178 0.099856 0.049958 0.099553 0.048923 0.098693 0.048231 0.097404 0.047989 0.095885 0.048231 0.094365 0.048923 0.093077 0.049958 0.092216 0.051178 0.091913 0.052399 0.092216 0.053434 0.093077 0.054125 0.094365
2 0.098635 0.086183 0.098420 0.087629 0.097808 0.088855 0.096892 0.089674 0.095812 0.089962 0.094731 0.089674 0.093815 0.088855 0.093203 0.087629 0.092989 0.086183 0.093203 0.084737 0.093815 0.083511 0.094731 0.082691 0.095812 0.082404 0.096892 0.082691 0.097808 0.083511 0.098420 0.084737
2 0.093951 0.086740 0.093773 0.087833 0.093265 0.088760 0.092505 0.089379 0.091609 0.089596 0.090713 0.089379 0.089953 0.088760 0.089446 0.087833 0.089267 0.086740 0.089446 0.085648 0.089953 0.084721 0.090713 0.084102 0.091609 0.083885 0.092505 0.084102 0.093265 0.084721 0.093773 0.085648
2 0.092572 0.090240 0.092315 0.091896 0.091585 0.093300 0.090492 0.094238 0.089203 0.094567 0.087913 0.094238 0.086820 0.093300 0.086090 0.091896 0.085833 0.090240 0.086090 0.088585 0.086820 0.087181 0.087913 0.086243 0.089203 0.085913 0.090492 0.086243 0.091585 0.087181 0.092315 0.088585
2 0.086796 0.089413 0.086576 0.090893 0.085950 0.092147 0.085013 0.092985 0.083908 0.093279 0.082803 0.092985 0.081866 0.092147 0.081240 0.090893 0.081020 0.089413 0.081240 0.087934 0.081866 0.086680 0.082803 0.085842 0.083908 0.085548 0.085013 0.085842 0.085950 0.086680 0.086576 0.087934
2 0.102205 0.095115 0.102038 0.096102 0.101562 0.096938 0.100848 0.097496 0.100007 0.097692 0.099166 0.097496 0.098453 0.096938 0.097976 0.096102 0.097809 0.095115 0.097976 0.094129 0.098453 0.093293 0.099166 0.092735 0.100007 0.092538 0.100848 0.092735 0.101562 0.093293 0.102038 0.094129
2 0.105165 0.089558 0.104959 0.091125 0.104370 0.092454 0.103489 0.093342 0.102450 0.093654 0.101411 0.093342 0.100530 0.092454 0.099941 0.091125 0.099734 0.089558 0.099941 0.087990 0.100530 0.086661 0.101411 0.085773 0.102450 0.085462 0.103489 0.085773 0.104370 0.086661 0.104959 0.087990