2 0.054971 0.082298 0.054830 0.083251 0.054426 0.084059 0.053823 0.084599 0.053111 0.084788 0.052399 0.084599 0.051795 0.084059 0.051392 0.083251 0.051250 0.082298 0.051392 0.081345 0.051795 0.080537 0.052399 0.079997 0.053111 0.079808 0.053823 0.079997 0.054426 0.080537 0.054830 0.081345
2 0.066149 0.091087 0.065992 0.092190 0.065546 0.093126 0.064877 0.093752 0.064088 0.093971 0.063299 0.093752 0.062630 0.093126 0.062183 0.092190 0.062026 0.091087 0.062183 0.089983 0.062630 0.089047 0.063299 0.088422 0.064088 0.088202 0.064877 0.088422 0.065546 0.089047 0.065992 0.089983
2 0.058549 0.083567 0.058368 0.084616 0.057854 0.085505 0.057085 0.086099 0.056178 0.086308 0.055271 0.086099 0.054502 0.085505 0.053988 0.084616 0.053807 0.083567 0.053988 0.082519 0.054502 0.081630 0.055271 0.081036 0.056178 0.080827 0.057085 0.081036 0.057854 0.081630 0.058368 0.082519
2 0.066078 0.085875 0.065889 0.086924 0.065354 0.087813 0.064552 0.088407 0.063606 0.088615 0.062661 0.088407 0.061859 0.087813 0.061323 0.086924 0.061135 0.085875 0.061323 0.084826 0.061859 0.083937 0.062661 0.083343 0.063606 0.083135 0.064552 0.083343 0.065354 0.083937 0.065889 0.084826
2 0.063276 0.088750 0.063080 0.090016 0.062520 0.091089 0.061684 0.091806 0.060697 0.092058 0.059710 0.091806 0.058873 0.091089 0.058314 0.090016 0.058118 0.088750 0.058314 0.087484 0.058873 0.086411 0.059710 0.085694 0.060697 0.085442 0.061684 0.085694 0.062520 0.086411 0.063080 0.087484
2 0.068010 0.081548 0.067822 0.082814 0.067286 0.083887 0.066485 0.084604 0.065539 0.084856 0.064593 0.084604 0.063791 0.083887 0.063256 0.082814 0.063068 0.081548 0.063256 0.080282 0.063791 0.079209 0.064593 0.078492 0.065539 0.078240 0.066485 0.078492 0.067286 0.079209 0.067822 0.080282
2 0.070172 0.085154 0.070008 0.086364 0.069541 0.087391 0.068842 0.088077 0.068017 0.088317 0.067192 0.088077 0.066493 0.087391 0.066026 0.086364 0.065862 0.085154 0.066026 0.083943 0.066493 0.082917 0.067192 0.082231 0.068017 0.081990 0.068842 0.082231 0.069541 0.082917 0.070008 0.083943
2 0.057529 0.099587 0.057313 0.101220 0.056700 0.102605 0.055781 0.103531 0.054698 0.103856 0.053615 0.103531 0.052697 0.102605 0.052083 0.101220 0.051868 0.099587 0.052083 0.097953 0.052697 0.096568 0.053615 0.095642 0.054698 0.095317 0.055781 0.095642 0.056700 0.096568 0.057313 0.097953
2 0.098132 0.082077 0.097957 0.083431 0.097457 0.084579 0.096709 0.085346 0.095826 0.085615 0.094944 0.085346 0.094196 0.084579 0.093696 0.083431 0.093520 0.082077 0.093696 0.080723 0.094196 0.079575 0.094944 0.078808 0.095826 0.078538 0.096709 0.078808 0.097457 0.079575 0.097957 0.080723
2 0.101214 0.083404 0.101013 0.084927 0.100440 0.086219 0.099582 0.087082 0.098570 0.087385 0.097559 0.087082 0.096701 0.086219 0.096128 0.084927 0.095927 0.083404 0.096128 0.081880 0.096701 0.080589 0.097559 0.079726 0.098570 0.079423 0.099582 0.079726 0.100440 0.080589 0.101013 0.081880
2 0.106825 0.082519 0.106623 0.084043 0.106050 0.085334 0.105193 0.086197 0.104181 0.086500 0.103169 0.086197 0.102312 0.085334 0.101739 0.084043 0.101537 0.082519 0.101739 0.080996 0.102312 0.079704 0.103169 0.078841 0.104181 0.078538 0.105193 0.078841 0.106050 0.079704 0.106623 0.080996
2 0.109296 0.089702 0.109114 0.091181 0.108595 0.092435 0.107819 0.093273 0.106904 0.093567 0.105988 0.093273 0.105212 0.092435 0.104694 0.091181 0.104511 0.089702 0.104694 0.088223 0.105212 0.086969 0.105988 0.086131 0.106904 0.085837 0.107819 0.086131 0.108595 0.086969 0.109114 0.088223
2 0.106494 0.095894 0.106318 0.097035 0.105817 0.098002 0.105066 0.098648 0.104181 0.098875 0.103296 0.098648 0.102545 0.098002 0.102044 0.097035 0.101868 0.095894 0.102044 0.094754 0.102545 0.093787 0.103296 0.093140 0.104181 0.092913 0.105066 0.093140 0.105817 0.093787 0.106318 0.094754
2 0.114425 0.094010 0.114211 0.095533 0.113603 0.096824 0.112691 0.097687 0.111616 0.097990 0.110541 0.097687 0.109630 0.096824 0.109021 0.095533 0.108807 0.094010 0.109021 0.092486 0.109630 0.091195 0.110541 0.090332 0.111616 0.090029 0.112691 0.090332 0.113603 0.091195 0.114211 0.092486
2 0.109799 0.096885 0.109635 0.098154 0.109170 0.099230 0.108473 0.099949 0.107651 0.100202 0.106829 0.099949 0.106132 0.099230 0.105666 0.098154 0.105503 0.096885 0.105666 0.095615 0.106132 0.094539 0.106829 0.093820 0.107651 0.093567 0.108473 0.093820 0.109170 0.094539 0.109635 0.095615
2 0.140014 0.058154 0.139727 0.059865 0.138910 0.061315 0.137686 0.062285 0.136243 0.062625 0.134800 0.062285 0.133576 0.061315 0.132758 0.059865 0.132471 0.058154 0.132758 0.056443 0.133576 0.054992 0.134800 0.054023 0.136243 0.053683 0.137686 0.054023 0.138910 0.054992 0.139727 0.056443
2 0.143068 0.063202 0.142868 0.064468 0.142302 0.065541 0.141453 0.066258 0.140453 0.066510 0.139452 0.066258 0.138604 0.065541 0.138037 0.064468 0.137838 0.063202 0.138037 0.061936 0.138604 0.060863 0.139452 0.060146 0.140453 0.059894 0.141453 0.060146 0.142302 0.060863 0.142868 0.061936
2 0.085589 0.152760 0.085369 0.154151 0.084743 0.155330 0.083806 0.156118 0.082701 0.156394 0.081596 0.156118 0.080659 0.155330 0.080033 0.154151 0.079813 0.152760 0.080033 0.151369 0.080659 0.150190 0.081596 0.149402 0.082701 0.149125 0.083806 0.149402 0.084743 0.150190 0.085369 0.151369
2 0.087284 0.159125 0.087065 0.160689 0.086439 0.162015 0.085502 0.162900 0.084397 0.163212 0.083291 0.162900 0.082354 0.162015 0.081728 0.160689 0.081509 0.159125 0.081728 0.157561 0.082354 0.156235 0.083291 0.155350 0.084397 0.155038 0.085502 0.155350 0.086439 0.156235 0.087065 0.157561
2 0.132773 0.111183 0.132489 0.112835 0.131679 0.114235 0.130467 0.115171 0.129037 0.115500 0.127608 0.115171 0.126396 0.114235 0.125586 0.112835 0.125302 0.111183 0.125586 0.109531 0.126396 0.108130 0.127608 0.107194 0.129037 0.106865 0.130467 0.107194 0.131679 0.108130 0.132489 0.109531
2 0.062033 0.083740 0.061861 0.084844 0.061372 0.085780 0.060641 0.086405 0.059777 0.086625 0.058914 0.086405 0.058182 0.085780 0.057693 0.084844 0.057522 0.083740 0.057693 0.082636 0.058182 0.081701 0.058914 0.081075 0.059777 0.080856 0.060641 0.081075 0.061372 0.081701 0.061861 0.082636
2 0.058305 0.091356 0.058088 0.092360 0.057471 0.093212 0.056548 0.093781 0.055460 0.093981 0.054371 0.093781 0.053448 0.093212 0.052831 0.092360 0.052615 0.091356 0.052831 0.090351 0.053448 0.089500 0.054371 0.088931 0.055460 0.088731 0.056548 0.088931 0.057471 0.089500 0.058088 0.090351
5 0.067586 0.080594 0.071508 0.076921 0.069038 0.072194 0.065115 0.075867
5 0.067667 0.076004 0.066489 0.069186 0.062290 0.070487 0.063468 0.077304
5 0.057379 0.079539 0.054828 0.070875 0.050818 0.072990 0.053368 0.081654
5 0.052890 0.089524 0.046223 0.090053 0.046478 0.095812 0.053145 0.095283
5 0.069391 0.088459 0.078019 0.088987 0.078216 0.083224 0.069589 0.082695
5 0.051114 0.102769 0.049354 0.112741 0.053549 0.114067 0.055309 0.104096