2 0.133297 0.114279 0.133055 0.115765 0.132365 0.117026 0.131333 0.117868 0.130115 0.118163 0.128897 0.117868 0.127865 0.117026 0.127175 0.115765 0.126932 0.114279 0.127175 0.112792 0.127865 0.111532 0.128897 0.110690 0.130115 0.110394 0.131333 0.110690 0.132365 0.111532 0.133055 0.112792
2 0.142141 0.059500 0.141878 0.060987 0.141129 0.062247 0.140008 0.063089 0.138685 0.063385 0.137363 0.063089 0.136242 0.062247 0.135493 0.060987 0.135230 0.059500 0.135493 0.058013 0.136242 0.056753 0.137363 0.055911 0.138685 0.055615 0.140008 0.055911 0.141129 0.056753 0.141878 0.058013
2 0.144634 0.053577 0.144423 0.054924 0.143824 0.056065 0.142926 0.056828 0.141868 0.057096 0.140809 0.056828 0.139912 0.056065 0.139313 0.054924 0.139102 0.053577 0.139313 0.052230 0.139912 0.051088 0.140809 0.050326 0.141868 0.050058 0.142926 0.050326 0.143824 0.051088 0.144423 0.052230
2 0.042687 0.178019 0.042469 0.179487 0.041847 0.180732 0.040917 0.181564 0.039820 0.181856 0.038723 0.181564 0.037794 0.180732 0.037172 0.179487 0.036954 0.178019 0.037172 0.176551 0.037794 0.175306 0.038723 0.174475 0.039820 0.174183 0.040917 0.174475 0.041847 0.175306 0.042469 0.176551
2 0.090697 0.160433 0.090424 0.162144 0.089647 0.163594 0.088484 0.164563 0.087112 0.164904 0.085740 0.164563 0.084577 0.163594 0.083800 0.162144 0.083527 0.160433 0.083800 0.158722 0.084577 0.157271 0.085740 0.156302 0.087112 0.155962 0.088484 0.156302 0.089647 0.157271 0.090424 0.158722
2 0.105072 0.052692 0.104828 0.054477 0.104136 0.055990 0.103098 0.057001 0.101875 0.057356 0.100652 0.057001 0.099614 0.055990 0.098922 0.054477 0.098678 0.052692 0.098922 0.050908 0.099614 0.049395 0.100652 0.048384 0.101875 0.048029 0.103098 0.048384 0.104136 0.049395 0.104828 0.050908
2 0.113168 0.063279 0.112960 0.064773 0.112369 0.066039 0.111483 0.066886 0.110438 0.067183 0.109394 0.066886 0.108508 0.066039 0.107916 0.064773 0.107708 0.063279 0.107916 0.061785 0.108508 0.060518 0.109394 0.059672 0.110438 0.059375 0.111483 0.059672 0.112369 0.060518 0.112960 0.061785
2 0.107708 0.059240 0.107508 0.060734 0.106936 0.062001 0.106081 0.062847 0.105072 0.063144 0.104063 0.062847 0.103208 0.062001 0.102636 0.060734 0.102435 0.059240 0.102636 0.057746 0.103208 0.056480 0.104063 0.055634 0.105072 0.055337 0.106081 0.055634 0.106936 0.056480 0.107508 0.057746
2 0.108082 0.064913 0.107867 0.066264 0.107255 0.067409 0.106339 0.068174 0.105259 0.068442 0.104178 0.068174 0.103262 0.067409 0.102650 0.066264 0.102435 0.064913 0.102650 0.063563 0.103262 0.062418 0.104178 0.061653 0.105259 0.061385 0.106339 0.061653 0.107255 0.062418 0.107867 0.063563
2 0.109591 0.073356 0.109426 0.074754 0.108957 0.075939 0.108256 0.076731 0.107428 0.077010 0.106601 0.076731 0.105899 0.075939 0.105430 0.074754 0.105266 0.073356 0.105430 0.071958 0.105899 0.070772 0.106601 0.069980 0.107428 0.069702 0.108256 0.069980 0.108957 0.070772 0.109426 0.071958
2 0.113728 0.078010 0.113550 0.079360 0.113040 0.080505 0.112278 0.081270 0.111379 0.081538 0.110480 0.081270 0.109718 0.080505 0.109209 0.079360 0.109030 0.078010 0.109209 0.076659 0.109718 0.075514 0.110480 0.074749 0.111379 0.074481 0.112278 0.074749 0.113040 0.075514 0.113550 0.076659
2 0.117680 0.077510 0.117508 0.078764 0.117019 0.079828 0.116287 0.080539 0.115424 0.080788 0.114561 0.080539 0.113829 0.079828 0.113340 0.078764 0.113168 0.077510 0.113340 0.076255 0.113829 0.075191 0.114561 0.074480 0.115424 0.074231 0.116287 0.074480 0.117019 0.075191 0.117508 0.076255
2 0.058398 0.101183 0.058212 0.102437 0.057680 0.103501 0.056886 0.104212 0.055948 0.104462 0.055011 0.104212 0.054216 0.103501 0.053685 0.102437 0.053499 0.101183 0.053685 0.099928 0.054216 0.098864 0.055011 0.098153 0.055948 0.097904 0.056886 0.098153 0.057680 0.098864 0.058212 0.099928
2 0.061408 0.104712 0.061236 0.105771 0.060747 0.106670 0.060016 0.107270 0.059152 0.107481 0.058289 0.107270 0.057557 0.106670 0.057068 0.105771 0.056897 0.104712 0.057068 0.103652 0.057557 0.102753 0.058289 0.102153 0.059152 0.101942 0.060016 0.102153 0.060747 0.102753 0.061236 0.103652
2 0.061968 0.099673 0.061811 0.100928 0.061362 0.101992 0.060691 0.102702 0.059899 0.102952 0.059108 0.102702 0.058436 0.101992 0.057988 0.100928 0.057830 0.099673 0.057988 0.098418 0.058436 0.097355 0.059108 0.096644 0.059899 0.096394 0.060691 0.096644 0.061362 0.097355 0.061811 0.098418
2 0.065546 0.084558 0.065381 0.085713 0.064913 0.086693 0.064211 0.087347 0.063384 0.087577 0.062556 0.087347 0.061855 0.086693 0.061386 0.085713 0.061221 0.084558 0.061386 0.083402 0.061855 0.082423 0.062556 0.081768 0.063384 0.081538 0.064211 0.081768 0.064913 0.082423 0.065381 0.083402
2 0.064418 0.093375 0.064261 0.094725 0.063812 0.095870 0.063141 0.096635 0.062349 0.096904 0.061557 0.096635 0.060886 0.095870 0.060438 0.094725 0.060280 0.093375 0.060438 0.092025 0.060886 0.090880 0.061557 0.090115 0.062349 0.089846 0.063141 0.090115 0.063812 0.090880 0.064261 0.092025
2 0.069684 0.096144 0.069512 0.097399 0.069023 0.098463 0.068291 0.099173 0.067428 0.099423 0.066565 0.099173 0.065833 0.098463 0.065344 0.097399 0.065172 0.096144 0.065344 0.094889 0.065833 0.093826 0.066565 0.093115 0.067428 0.092865 0.068291 0.093115 0.069023 0.093826 0.069512 0.094889
2 0.073082 0.089096 0.072895 0.090351 0.072364 0.091415 0.071570 0.092125 0.070632 0.092375 0.069695 0.092125 0.068900 0.091415 0.068369 0.090351 0.068182 0.089096 0.068369 0.087841 0.068900 0.086778 0.069695 0.086067 0.070632 0.085817 0.071570 0.086067 0.072364 0.086778 0.072895 0.087841
2 0.061365 0.090962 0.061206 0.092069 0.060753 0.093008 0.060074 0.093635 0.059274 0.093856 0.058474 0.093635 0.057796 0.093008 0.057343 0.092069 0.057184 0.090962 0.057343 0.089854 0.057796 0.088915 0.058474 0.088288 0.059274 0.088067 0.060074 0.088288 0.060753 0.088915 0.061206 0.089854
5 0.111530 0.081115 0.111867 0.088192 0.106407 0.099683 0.110044 0.102779 0.115841 0.089740 0.115841 0.081115
5 0.113993 0.094061 0.122383 0.087532 0.120217 0.082545 0.111826 0.089073
5 0.116363 0.069506 0.118620 0.050683 0.114641 0.026095 0.111085 0.020027 0.107694 0.023588 0.110834 0.028451 0.114384 0.050773 0.112114 0.068533
5 0.116734 0.054826 0.111138 0.050788 0.109092 0.055866 0.114688 0.059904
5 0.040900 0.002781 0.058486 0.009271 0.059632 0.003710 0.042046 0.000000
5 0.018674 0.000000 0.017715 0.010286 0.024497 0.028007 0.028333 0.025377 0.021757 0.009465 0.022921 0.000493
5 0.054538 0.104571 0.047468 0.137192 0.025292 0.155327 0.027539 0.160250 0.050649 0.140516 0.058652 0.106294
5 0.072703 0.097673 0.081475 0.108240 0.084358 0.103952 0.075587 0.093385
2 0.075539 0.091077 0.075379 0.092335 0.074922 0.093402 0.074239 0.094115 0.073434 0.094365 0.072628 0.094115 0.071946 0.093402 0.071489 0.092335 0.071329 0.091077 0.071489 0.089818 0.071946 0.088752 0.072628 0.088039 0.073434 0.087788 0.074239 0.088039 0.074922 0.088752 0.075379 0.089818
5 0.073978 0.088526 0.083101 0.077728 0.080246 0.073406 0.071123 0.084204
5 0.060751 0.104989 0.062332 0.125422 0.066619 0.124828 0.065039 0.104395
5 0.052349 0.099698 0.044080 0.098996 0.043808 0.104754 0.052076 0.105456
5 0.051224 0.091062 0.039316 0.094839 0.028351 0.108736 0.022561 0.112957 0.024623 0.118024 0.030857 0.113373 0.041233 0.099765 0.052110 0.096708
5 0.051012 0.093741 0.051378 0.077530 0.047070 0.077355 0.046704 0.093567
2 0.054828 0.095183 0.054688 0.096305 0.054289 0.097256 0.053692 0.097892 0.052989 0.098115 0.052285 0.097892 0.051688 0.097256 0.051289 0.096305 0.051149 0.095183 0.051289 0.094060 0.051688 0.093109 0.052285 0.092473 0.052989 0.092250 0.053692 0.092473 0.054289 0.093109 0.054688 0.094060
5 0.061947 0.082430 0.056252 0.075241 0.048126 0.043764 0.040991 0.034250 0.040991 0.021942 0.036681 0.021942 0.037234 0.036179 0.044481 0.046615 0.052687 0.078204 0.058901 0.086512
5 0.069506 0.083594 0.072673 0.072938 0.089526 0.047611 0.086307 0.043774 0.069072 0.069916 0.065523 0.081387
5 0.065688 0.077704 0.053235 0.067542 0.043838 0.062618 0.031216 0.060702 0.022940 0.063471 0.023985 0.069068 0.031471 0.066362 0.042771 0.068160 0.051310 0.072681 0.063436 0.082623
5 0.067377 0.076669 0.056142 0.064794 0.053470 0.069322 0.064706 0.081197
5 0.078327 0.098123 0.088520 0.091442 0.092322 0.091203 0.103429 0.097674 0.105149 0.092384 0.093182 0.085673 0.087607 0.085945 0.076501 0.092897
5 0.103271 0.073130 0.096493 0.083533 0.081084 0.086177 0.081632 0.091900 0.098324 0.088389 0.106384 0.077120
5 0.100325 0.047407 0.096583 0.044070 0.094193 0.048872 0.097936 0.052209
5 0.090144 0.163870 0.101693 0.166365 0.112770 0.163096 0.111842 0.157462 0.101601 0.160707 0.090890 0.158188
5 0.082205 0.159473 0.075135 0.164462 0.068188 0.173260 0.071151 0.177451 0.077601 0.169124 0.084174 0.164604
5 0.086025 0.154740 0.084150 0.151481 0.080735 0.155000 0.082610 0.158260
5 0.090228 0.156931 0.095113 0.142354 0.091180 0.139993 0.086295 0.154569