2 0.164217 0.036625 0.163975 0.038053 0.163285 0.039263 0.162252 0.040072 0.161034 0.040356 0.159817 0.040072 0.158784 0.039263 0.158094 0.038053 0.157852 0.036625 0.158094 0.035197 0.158784 0.033987 0.159817 0.033178 0.161034 0.032894 0.162252 0.033178 0.163285 0.033987 0.163975 0.035197
2 0.162364 0.029875 0.162151 0.031303 0.161547 0.032513 0.160643 0.033322 0.159576 0.033606 0.158509 0.033322 0.157605 0.032513 0.157001 0.031303 0.156789 0.029875 0.157001 0.028447 0.157605 0.027237 0.158509 0.026428 0.159576 0.026144 0.160643 0.026428 0.161547 0.027237 0.162151 0.028447
2 0.039231 0.177894 0.039011 0.179377 0.038383 0.180634 0.037444 0.181474 0.036336 0.181769 0.035228 0.181474 0.034289 0.180634 0.033661 0.179377 0.033441 0.177894 0.033661 0.176411 0.034289 0.175154 0.035228 0.174314 0.036336 0.174019 0.037444 0.174314 0.038383 0.175154 0.039011 0.176411
0 0.081099 0.072029 0.080875 0.073648 0.080239 0.075020 0.079285 0.075938 0.078161 0.076260 0.077037 0.075938 0.076083 0.075020 0.075446 0.073648 0.075223 0.072029 0.075446 0.070410 0.076083 0.069037 0.077037 0.068120 0.078161 0.067798 0.079285 0.068120 0.080239 0.069037 0.080875 0.070410
5 0.128399 0.072814 0.145316 0.080112 0.153319 0.089689 0.156192 0.085388 0.147434 0.075225 0.129762 0.067340
5 0.096210 0.030216 0.083580 0.023456 0.081980 0.028813 0.094609 0.035573
5 0.024249 0.016891 0.021728 0.005064 0.017583 0.006647 0.020104 0.018474
5 0.175609 0.047049 0.158353 0.039722 0.157049 0.045221 0.174305 0.052548
5 0.156264 0.026973 0.149950 0.031473 0.151975 0.036565 0.158290 0.032065
5 0.156841 0.028527 0.160627 0.022325 0.157289 0.018675 0.153503 0.024877
5 0.151561 0.125053 0.157028 0.112659 0.153317 0.109726 0.147850 0.122120
5 0.157570 0.116730 0.165362 0.112879 0.176310 0.101052 0.173603 0.096563 0.163292 0.107914 0.156137 0.111289
5 0.122833 0.112322 0.128702 0.100295 0.127445 0.075516 0.123144 0.075907 0.124804 0.098803 0.119337 0.108947
5 0.122440 0.112244 0.127276 0.126734 0.144949 0.138561 0.146876 0.133401 0.130247 0.123102 0.126454 0.110140
5 0.105138 0.123905 0.108119 0.134434 0.106431 0.140627 0.110480 0.142604 0.112197 0.134547 0.109244 0.122153
5 0.082774 0.136120 0.084871 0.124851 0.080689 0.123456 0.078591 0.134726
5 0.055876 0.119757 0.065852 0.128130 0.076800 0.125880 0.076146 0.120178 0.066761 0.122916 0.058348 0.115031
5 0.081127 0.101262 0.083232 0.111407 0.087385 0.109863 0.085281 0.099718
5 0.175290 0.177222 0.158458 0.168770 0.156944 0.174172 0.173776 0.182624
5 0.107450 0.178751 0.113370 0.217501 0.117593 0.216345 0.111673 0.177595
5 0.000000 0.138397 0.031165 0.175955 0.033978 0.171584 0.001407 0.134026
6 0.000000 0.020029 0.026085 0.032500 0.041135 0.024442 0.055014 0.000000 0.000000 0.000000
6 0.020072 0.092923 0.023082 0.114577 0.036624 0.123135 0.043017 0.154356 0.056559 0.157375 0.073491 0.170471 0.085524 0.190106 0.099073 0.181548 0.102083 0.165933 0.108851 0.144788 0.119009 0.134212 0.143463 0.141260 0.155503 0.130183 0.153240 0.119106 0.129540 0.109038 0.135187 0.085875 0.131049 0.062712 0.118254 0.040558 0.097565 0.022433 0.082514 0.035019 0.073865 0.049115 0.055057 0.045596 0.041516 0.053654 0.030977 0.061702