0 0.104267 0.124846 0.104070 0.126105 0.103508 0.127171 0.102666 0.127884 0.101674 0.128135 0.100681 0.127884 0.099840 0.127171 0.099278 0.126105 0.099080 0.124846 0.099278 0.123588 0.099840 0.122521 0.100681 0.121808 0.101674 0.121558 0.102666 0.121808 0.103508 0.122521 0.104070 0.123588
0 0.089454 0.118606 0.089269 0.119849 0.088743 0.120904 0.087955 0.121608 0.087026 0.121856 0.086097 0.121608 0.085309 0.120904 0.084783 0.119849 0.084598 0.118606 0.084783 0.117362 0.085309 0.116308 0.086097 0.115603 0.087026 0.115356 0.087955 0.115603 0.088743 0.116308 0.089269 0.117362
0 0.070395 0.119904 0.070145 0.121022 0.069434 0.121971 0.068368 0.122604 0.067112 0.122827 0.065856 0.122604 0.064791 0.121971 0.064079 0.121022 0.063829 0.119904 0.064079 0.118785 0.064791 0.117837 0.065856 0.117203 0.067112 0.116981 0.068368 0.117203 0.069434 0.117837 0.070145 0.118785
0 0.063736 0.117471 0.063533 0.118527 0.062955 0.119422 0.062090 0.120021 0.061070 0.120231 0.060050 0.120021 0.059186 0.119422 0.058608 0.118527 0.058405 0.117471 0.058608 0.116415 0.059186 0.115520 0.060050 0.114922 0.061070 0.114712 0.062090 0.114922 0.062955 0.115520 0.063533 0.116415
0 0.088376 0.144683 0.088265 0.145713 0.087947 0.146586 0.087472 0.147170 0.086911 0.147375 0.086350 0.147170 0.085875 0.146586 0.085557 0.145713 0.085445 0.144683 0.085557 0.143652 0.085875 0.142779 0.086350 0.142195 0.086911 0.141990 0.087472 0.142195 0.087947 0.142779 0.088265 0.143652
0 0.086904 0.141010 0.086799 0.141948 0.086502 0.142743 0.086057 0.143275 0.085532 0.143462 0.085007 0.143275 0.084561 0.142743 0.084264 0.141948 0.084159 0.141010 0.084264 0.140071 0.084561 0.139276 0.085007 0.138744 0.085532 0.138558 0.086057 0.138744 0.086502 0.139276 0.086799 0.140071
0 0.085438 0.136481 0.085313 0.137559 0.084956 0.138473 0.084423 0.139084 0.083793 0.139298 0.083164 0.139084 0.082630 0.138473 0.082273 0.137559 0.082148 0.136481 0.082273 0.135403 0.082630 0.134489 0.083164 0.133878 0.083793 0.133663 0.084423 0.133878 0.084956 0.134489 0.085313 0.135403
0 0.083793 0.132683 0.083668 0.133621 0.083311 0.134416 0.082778 0.134948 0.082148 0.135135 0.081518 0.134948 0.080985 0.134416 0.080628 0.133621 0.080503 0.132683 0.080628 0.131744 0.080985 0.130949 0.081518 0.130417 0.082148 0.130231 0.082778 0.130417 0.083311 0.130949 0.083668 0.131744
0 0.082148 0.128519 0.082009 0.129550 0.081611 0.130423 0.081017 0.131007 0.080316 0.131212 0.079615 0.131007 0.079021 0.130423 0.078624 0.129550 0.078484 0.128519 0.078624 0.127489 0.079021 0.126615 0.079615 0.126032 0.080316 0.125827 0.081017 0.126032 0.081611 0.126615 0.082009 0.127489
6 0.000338 0.024933 0.020295 0.039779 0.043024 0.035327 0.052522 0.000000 0.000000 0.000000 0.000000 0.023548
6 0.175287 0.059221 0.163872 0.048683 0.159440 0.021231 0.175287 0.007673
6 0.063534 0.186692 0.081825 0.205981 0.105108 0.182240 0.121739 0.169625 0.135043 0.133269 0.142256 0.106558 0.137263 0.085779 0.126178 0.058327 0.118412 0.036067 0.097349 0.017519 0.091250 0.035327 0.077392 0.044231 0.061868 0.035327 0.050783 0.035327 0.053003 0.051644 0.035259 0.064260 0.018628 0.074654 0.008649 0.086519 0.017522 0.109519 0.023068 0.148106 0.039145 0.171846
2 0.164318 0.040712 0.164108 0.042047 0.163510 0.043180 0.162615 0.043936 0.161559 0.044202 0.160503 0.043936 0.159608 0.043180 0.159010 0.042047 0.158800 0.040712 0.159010 0.039376 0.159608 0.038243 0.160503 0.037487 0.161559 0.037221 0.162615 0.037487 0.163510 0.038243 0.164108 0.039376
2 0.160251 0.034885 0.160031 0.036220 0.159401 0.037353 0.158460 0.038109 0.157349 0.038375 0.156238 0.038109 0.155297 0.037353 0.154668 0.036220 0.154447 0.034885 0.154668 0.033549 0.155297 0.032417 0.156238 0.031660 0.157349 0.031394 0.158460 0.031660 0.159401 0.032417 0.160031 0.033549
5 0.156291 0.036709 0.153454 0.044775 0.152585 0.060304 0.156883 0.060735 0.157531 0.046282 0.160146 0.039291
5 0.105152 0.137004 0.103844 0.151638 0.108124 0.152323 0.109432 0.137689
5 0.096789 0.002684 0.110876 0.010116 0.112457 0.004749 0.098369 0.000000
5 0.104708 0.025123 0.094672 0.005993 0.084615 0.000000 0.082756 0.004766 0.091958 0.010214 0.101139 0.028358
2 0.057895 0.196615 0.057636 0.198172 0.056898 0.199491 0.055793 0.200373 0.054490 0.200683 0.053187 0.200373 0.052082 0.199491 0.051344 0.198172 0.051085 0.196615 0.051344 0.195059 0.052082 0.193739 0.053187 0.192858 0.054490 0.192548 0.055793 0.192858 0.056898 0.193739 0.057636 0.195059
0 0.072356 0.071038 0.072127 0.072650 0.071475 0.074016 0.070498 0.074929 0.069346 0.075250 0.068194 0.074929 0.067218 0.074016 0.066565 0.072650 0.066336 0.071038 0.066565 0.069427 0.067218 0.068060 0.068194 0.067148 0.069346 0.066827 0.070498 0.067148 0.071475 0.068060 0.072127 0.069427
0 0.069619 0.064077 0.069401 0.065549 0.068778 0.066797 0.067845 0.067630 0.066746 0.067923 0.065646 0.067630 0.064714 0.066797 0.064091 0.065549 0.063872 0.064077 0.064091 0.062605 0.064714 0.061357 0.065646 0.060524 0.066746 0.060231 0.067845 0.060524 0.068778 0.061357 0.069401 0.062605
0 0.040338 0.088798 0.040160 0.090620 0.039656 0.092164 0.038901 0.093195 0.038010 0.093558 0.037119 0.093195 0.036364 0.092164 0.035860 0.090620 0.035682 0.088798 0.035860 0.086977 0.036364 0.085433 0.037119 0.084401 0.038010 0.084038 0.038901 0.084401 0.039656 0.085433 0.040160 0.086977
0 0.040065 0.081471 0.039898 0.082733 0.039423 0.083803 0.038712 0.084518 0.037874 0.084769 0.037035 0.084518 0.036324 0.083803 0.035849 0.082733 0.035682 0.081471 0.035849 0.080209 0.036324 0.079139 0.037035 0.078424 0.037874 0.078173 0.038712 0.078424 0.039423 0.079139 0.039898 0.080209
0 0.021272 0.068173 0.021064 0.069869 0.020474 0.071307 0.019591 0.072268 0.018549 0.072606 0.017507 0.072268 0.016624 0.071307 0.016033 0.069869 0.015826 0.068173 0.016033 0.066477 0.016624 0.065039 0.017507 0.064078 0.018549 0.063740 0.019591 0.064078 0.020474 0.065039 0.021064 0.066477
0 0.017011 0.064846 0.016832 0.065998 0.016319 0.066974 0.015552 0.067627 0.014648 0.067856 0.013744 0.067627 0.012977 0.066974 0.012464 0.065998 0.012284 0.064846 0.012464 0.063694 0.012977 0.062718 0.013744 0.062066 0.014648 0.061837 0.015552 0.062066 0.016319 0.062718 0.016832 0.063694
0 0.019375 0.058990 0.019177 0.060565 0.018613 0.061900 0.017770 0.062793 0.016774 0.063106 0.015779 0.062793 0.014936 0.061900 0.014372 0.060565 0.014174 0.058990 0.014372 0.057415 0.014936 0.056080 0.015779 0.055188 0.016774 0.054875 0.017770 0.055188 0.018613 0.056080 0.019177 0.057415
0 0.100302 0.164173 0.099986 0.165295 0.099088 0.166247 0.097743 0.166883 0.096157 0.167106 0.094570 0.166883 0.093226 0.166247 0.092327 0.165295 0.092011 0.164173 0.092327 0.163051 0.093226 0.162099 0.094570 0.161464 0.096157 0.161240 0.097743 0.161464 0.099088 0.162099 0.099986 0.163051
0 0.092478 0.161404 0.092320 0.162408 0.091870 0.163260 0.091197 0.163829 0.090402 0.164029 0.089608 0.163829 0.088934 0.163260 0.088484 0.162408 0.088326 0.161404 0.088484 0.160399 0.088934 0.159548 0.089608 0.158979 0.090402 0.158779 0.091197 0.158979 0.091870 0.159548 0.092320 0.160399
0 0.124001 0.111394 0.123782 0.112873 0.123156 0.114127 0.122219 0.114965 0.121114 0.115260 0.120008 0.114965 0.119071 0.114127 0.118445 0.112873 0.118226 0.111394 0.118445 0.109915 0.119071 0.108661 0.120008 0.107823 0.121114 0.107529 0.122219 0.107823 0.123156 0.108661 0.123782 0.109915
0 0.126889 0.103250 0.126638 0.104887 0.125924 0.106276 0.124854 0.107203 0.123592 0.107529 0.122330 0.107203 0.121260 0.106276 0.120546 0.104887 0.120295 0.103250 0.120546 0.101613 0.121260 0.100224 0.122330 0.099297 0.123592 0.098971 0.124854 0.099297 0.125924 0.100224 0.126638 0.101613
0 0.129576 0.107808 0.129380 0.109180 0.128821 0.110344 0.127984 0.111121 0.126997 0.111394 0.126010 0.111121 0.125173 0.110344 0.124614 0.109180 0.124418 0.107808 0.124614 0.106435 0.125173 0.105272 0.126010 0.104494 0.126997 0.104221 0.127984 0.104494 0.128821 0.105272 0.129380 0.106435
0 0.133700 0.106144 0.133550 0.107200 0.133125 0.108096 0.132489 0.108694 0.131739 0.108904 0.130988 0.108694 0.130352 0.108096 0.129927 0.107200 0.129777 0.106144 0.129927 0.105088 0.130352 0.104193 0.130988 0.103595 0.131739 0.103385 0.132489 0.103595 0.133125 0.104193 0.133550 0.105088
0 0.133499 0.100067 0.133333 0.101440 0.132863 0.102603 0.132159 0.103381 0.131329 0.103654 0.130499 0.103381 0.129795 0.102603 0.129325 0.101440 0.129159 0.100067 0.129325 0.098695 0.129795 0.097531 0.130499 0.096754 0.131329 0.096481 0.132159 0.096754 0.132863 0.097531 0.133333 0.098695
0 0.135553 0.095096 0.135396 0.096259 0.134949 0.097245 0.134280 0.097903 0.133491 0.098135 0.132702 0.097903 0.132033 0.097245 0.131587 0.096259 0.131430 0.095096 0.131587 0.093933 0.132033 0.092948 0.132702 0.092289 0.133491 0.092058 0.134280 0.092289 0.134949 0.092948 0.135396 0.093933
0 0.107795 0.079202 0.107547 0.080968 0.106841 0.082465 0.105786 0.083466 0.104540 0.083817 0.103295 0.083466 0.102239 0.082465 0.101534 0.080968 0.101286 0.079202 0.101534 0.077436 0.102239 0.075938 0.103295 0.074938 0.104540 0.074587 0.105786 0.074938 0.106841 0.075938 0.107547 0.077436
0 0.108563 0.071769 0.108301 0.072847 0.107553 0.073761 0.106435 0.074372 0.105115 0.074587 0.103795 0.074372 0.102677 0.073761 0.101929 0.072847 0.101667 0.071769 0.101929 0.070691 0.102677 0.069777 0.103795 0.069166 0.105115 0.068952 0.106435 0.069166 0.107553 0.069777 0.108301 0.070691
0 0.102198 0.074000 0.102038 0.075483 0.101582 0.076740 0.100899 0.077580 0.100093 0.077875 0.099288 0.077580 0.098605 0.076740 0.098149 0.075483 0.097989 0.074000 0.098149 0.072517 0.098605 0.071260 0.099288 0.070420 0.100093 0.070125 0.100899 0.070420 0.101582 0.071260 0.102038 0.072517
0 0.098506 0.071298 0.098285 0.072649 0.097658 0.073793 0.096719 0.074558 0.095611 0.074827 0.094503 0.074558 0.093563 0.073793 0.092936 0.072649 0.092716 0.071298 0.092936 0.069948 0.093563 0.068803 0.094503 0.068038 0.095611 0.067769 0.096719 0.068038 0.097658 0.068803 0.098285 0.069948
0 0.091523 0.074154 0.091350 0.075232 0.090856 0.076146 0.090117 0.076757 0.089246 0.076971 0.088374 0.076757 0.087635 0.076146 0.087142 0.075232 0.086968 0.074154 0.087142 0.073076 0.087635 0.072162 0.088374 0.071551 0.089246 0.071337 0.090117 0.071551 0.090856 0.072162 0.091350 0.073076
0 0.090122 0.069231 0.089976 0.070578 0.089558 0.071719 0.088934 0.072482 0.088197 0.072750 0.087460 0.072482 0.086835 0.071719 0.086418 0.070578 0.086272 0.069231 0.086418 0.067884 0.086835 0.066742 0.087460 0.065979 0.088197 0.065712 0.088934 0.065979 0.089558 0.066742 0.089976 0.067884
0 0.086444 0.066058 0.086277 0.067180 0.085802 0.068131 0.085091 0.068767 0.084253 0.068990 0.083414 0.068767 0.082704 0.068131 0.082229 0.067180 0.082062 0.066058 0.082229 0.064935 0.082704 0.063984 0.083414 0.063348 0.084253 0.063125 0.085091 0.063348 0.085802 0.063984 0.086277 0.064935
0 0.088197 0.061250 0.088043 0.062416 0.087606 0.063405 0.086951 0.064066 0.086178 0.064298 0.085406 0.064066 0.084751 0.063405 0.084313 0.062416 0.084159 0.061250 0.084313 0.060084 0.084751 0.059095 0.085406 0.058434 0.086178 0.058202 0.086951 0.058434 0.087606 0.059095 0.088043 0.060084
0 0.090826 0.057615 0.090672 0.058377 0.090235 0.059023 0.089580 0.059454 0.088807 0.059606 0.088035 0.059454 0.087380 0.059023 0.086942 0.058377 0.086789 0.057615 0.086942 0.056854 0.087380 0.056208 0.088035 0.055777 0.088807 0.055625 0.089580 0.055777 0.090235 0.056208 0.090672 0.056854
0 0.082759 0.061481 0.082585 0.062739 0.082092 0.063806 0.081353 0.064519 0.080481 0.064769 0.079610 0.064519 0.078871 0.063806 0.078377 0.062739 0.078204 0.061481 0.078377 0.060222 0.078871 0.059155 0.079610 0.058443 0.080481 0.058192 0.081353 0.058443 0.082092 0.059155 0.082585 0.060222
0 0.078901 0.056317 0.078667 0.057395 0.078002 0.058309 0.077007 0.058920 0.075833 0.059135 0.074659 0.058920 0.073664 0.058309 0.072999 0.057395 0.072766 0.056317 0.072999 0.055239 0.073664 0.054325 0.074659 0.053714 0.075833 0.053500 0.077007 0.053714 0.078002 0.054325 0.078667 0.055239
0 0.074777 0.023923 0.074550 0.025531 0.073904 0.026894 0.072937 0.027805 0.071796 0.028125 0.070655 0.027805 0.069688 0.026894 0.069042 0.025531 0.068815 0.023923 0.069042 0.022315 0.069688 0.020952 0.070655 0.020041 0.071796 0.019721 0.072937 0.020041 0.073904 0.020952 0.074550 0.022315
0 0.071638 0.018260 0.071423 0.019787 0.070811 0.021081 0.069895 0.021946 0.068815 0.022250 0.067734 0.021946 0.066818 0.021081 0.066206 0.019787 0.065991 0.018260 0.066206 0.016733 0.066818 0.015438 0.067734 0.014573 0.068815 0.014269 0.069895 0.014573 0.070811 0.015438 0.071423 0.016733
0 0.075409 0.017202 0.075254 0.018486 0.074812 0.019575 0.074150 0.020302 0.073369 0.020558 0.072588 0.020302 0.071927 0.019575 0.071484 0.018486 0.071329 0.017202 0.071484 0.015918 0.071927 0.014829 0.072588 0.014102 0.073369 0.013846 0.074150 0.014102 0.074812 0.014829 0.075254 0.015918
0 0.077917 0.011750 0.077761 0.013196 0.077319 0.014422 0.076657 0.015241 0.075876 0.015529 0.075096 0.015241 0.074434 0.014422 0.073992 0.013196 0.073836 0.011750 0.073992 0.010304 0.074434 0.009078 0.075096 0.008259 0.075876 0.007971 0.076657 0.008259 0.077319 0.009078 0.077761 0.010304
0 0.067249 0.011952 0.067093 0.013317 0.066651 0.014474 0.065989 0.015248 0.065208 0.015519 0.064428 0.015248 0.063766 0.014474 0.063323 0.013317 0.063168 0.011952 0.063323 0.010587 0.063766 0.009429 0.064428 0.008656 0.065208 0.008385 0.065989 0.008656 0.066651 0.009429 0.067093 0.010587
0 0.066307 0.005442 0.066176 0.007050 0.065802 0.008414 0.065243 0.009324 0.064583 0.009644 0.063924 0.009324 0.063364 0.008414 0.062990 0.007050 0.062859 0.005442 0.062990 0.003834 0.063364 0.002471 0.063924 0.001560 0.064583 0.001240 0.065243 0.001560 0.065802 0.002471 0.066176 0.003834
0 0.070381 0.010067 0.070262 0.011513 0.069922 0.012739 0.069414 0.013559 0.068815 0.013846 0.068215 0.013559 0.067707 0.012739 0.067368 0.011513 0.067249 0.010067 0.067368 0.008621 0.067707 0.007395 0.068215 0.006576 0.068815 0.006288 0.069414 0.006576 0.069922 0.007395 0.070262 0.008621
0 0.073211 0.003769 0.073068 0.005053 0.072660 0.006142 0.072049 0.006870 0.071329 0.007125 0.070609 0.006870 0.069998 0.006142 0.069590 0.005053 0.069447 0.003769 0.069590 0.002485 0.069998 0.001396 0.070609 0.000669 0.071329 0.000413 0.072049 0.000669 0.072660 0.001396 0.073068 0.002485
0 0.065582 0.032952 0.065357 0.034236 0.064715 0.035325 0.063755 0.036052 0.062622 0.036308 0.061489 0.036052 0.060529 0.035325 0.059888 0.034236 0.059662 0.032952 0.059888 0.031668 0.060529 0.030579 0.061489 0.029852 0.062622 0.029596 0.063755 0.029852 0.064715 0.030579 0.065357 0.031668
0 0.068319 0.033865 0.068206 0.035032 0.067886 0.036021 0.067405 0.036681 0.066839 0.036913 0.066273 0.036681 0.065793 0.036021 0.065472 0.035032 0.065359 0.033865 0.065472 0.032699 0.065793 0.031710 0.066273 0.031049 0.066839 0.030817 0.067405 0.031049 0.067886 0.031710 0.068206 0.032699
0 0.069231 0.027317 0.069040 0.028774 0.068497 0.030010 0.067684 0.030835 0.066724 0.031125 0.065765 0.030835 0.064951 0.030010 0.064408 0.028774 0.064217 0.027317 0.064408 0.025860 0.064951 0.024625 0.065765 0.023799 0.066724 0.023510 0.067684 0.023799 0.068497 0.024625 0.069040 0.025860
0 0.075395 0.051750 0.075162 0.052692 0.074497 0.053491 0.073501 0.054024 0.072328 0.054212 0.071154 0.054024 0.070159 0.053491 0.069494 0.052692 0.069260 0.051750 0.069494 0.050808 0.070159 0.050009 0.071154 0.049476 0.072328 0.049288 0.073501 0.049476 0.074497 0.050009 0.075162 0.050808
0 0.069770 0.135058 0.069525 0.136246 0.068825 0.137254 0.067779 0.137927 0.066545 0.138163 0.065310 0.137927 0.064264 0.137254 0.063564 0.136246 0.063319 0.135058 0.063564 0.133869 0.064264 0.132862 0.065310 0.132188 0.066545 0.131952 0.067779 0.132188 0.068825 0.132862 0.069525 0.133869
0 0.063843 0.133163 0.063608 0.134286 0.062937 0.135237 0.061932 0.135873 0.060747 0.136096 0.059562 0.135873 0.058558 0.135237 0.057887 0.134286 0.057651 0.133163 0.057887 0.132041 0.058558 0.131090 0.059562 0.130454 0.060747 0.130231 0.061932 0.130454 0.062937 0.131090 0.063608 0.132041
0 0.066408 0.043442 0.066173 0.044741 0.065505 0.045842 0.064506 0.046578 0.063326 0.046837 0.062147 0.046578 0.061147 0.045842 0.060479 0.044741 0.060244 0.043442 0.060479 0.042143 0.061147 0.041042 0.062147 0.040306 0.063326 0.040048 0.064506 0.040306 0.065505 0.041042 0.066173 0.042143
0 0.060977 0.038356 0.060742 0.039747 0.060074 0.040926 0.059075 0.041714 0.057895 0.041990 0.056716 0.041714 0.055716 0.040926 0.055048 0.039747 0.054813 0.038356 0.055048 0.036965 0.055716 0.035786 0.056716 0.034998 0.057895 0.034721 0.059075 0.034998 0.060074 0.035786 0.060742 0.036965
0 0.103994 0.117163 0.103807 0.118142 0.103275 0.118972 0.102478 0.119526 0.101537 0.119721 0.100597 0.119526 0.099800 0.118972 0.099267 0.118142 0.099080 0.117163 0.099267 0.116185 0.099800 0.115355 0.100597 0.114800 0.101537 0.114606 0.102478 0.114800 0.103275 0.115355 0.103807 0.116185
0 0.102356 0.131240 0.102169 0.132569 0.101637 0.133695 0.100840 0.134447 0.099899 0.134712 0.098959 0.134447 0.098162 0.133695 0.097630 0.132569 0.097443 0.131240 0.097630 0.129912 0.098162 0.128786 0.098959 0.128033 0.099899 0.127769 0.100840 0.128033 0.101637 0.128786 0.102169 0.129912
2 0.166056 0.035856 0.165824 0.037118 0.165164 0.038188 0.164176 0.038903 0.163010 0.039154 0.161844 0.038903 0.160856 0.038188 0.160196 0.037118 0.159964 0.035856 0.160196 0.034594 0.160856 0.033524 0.161844 0.032809 0.163010 0.032558 0.164176 0.032809 0.165164 0.033524 0.165824 0.034594