0 0.014626 0.009981 0.014412 0.011519 0.013802 0.012823 0.012888 0.013694 0.011810 0.014000 0.010733 0.013694 0.009819 0.012823 0.009209 0.011519 0.008994 0.009981 0.009209 0.008443 0.009819 0.007139 0.010733 0.006267 0.011810 0.005962 0.012888 0.006267 0.013802 0.007139 0.014412 0.008443
0 0.155151 0.020548 0.154936 0.021895 0.154326 0.023037 0.153412 0.023799 0.152335 0.024067 0.151257 0.023799 0.150343 0.023037 0.149733 0.021895 0.149519 0.020548 0.149733 0.019201 0.150343 0.018060 0.151257 0.017297 0.152335 0.017029 0.153412 0.017297 0.154326 0.018060 0.154936 0.019201
0 0.161911 0.013760 0.161611 0.014724 0.160756 0.015541 0.159476 0.016087 0.157967 0.016279 0.156458 0.016087 0.155178 0.015541 0.154323 0.014724 0.154023 0.013760 0.154323 0.012796 0.155178 0.011978 0.156458 0.011432 0.157967 0.011240 0.159476 0.011432 0.160756 0.011978 0.161611 0.012796
0 0.113793 0.025385 0.113594 0.026444 0.113025 0.027343 0.112174 0.027943 0.111171 0.028154 0.110168 0.027943 0.109317 0.027343 0.108748 0.026444 0.108549 0.025385 0.108748 0.024325 0.109317 0.023426 0.110168 0.022826 0.111171 0.022615 0.112174 0.022826 0.113025 0.023426 0.113594 0.024325
0 0.119878 0.024269 0.119636 0.025333 0.118948 0.026234 0.117918 0.026837 0.116703 0.027048 0.115487 0.026837 0.114457 0.026234 0.113769 0.025333 0.113527 0.024269 0.113769 0.023206 0.114457 0.022304 0.115487 0.021702 0.116703 0.021490 0.117918 0.021702 0.118948 0.022304 0.119636 0.023206
0 0.122644 0.044798 0.122391 0.045931 0.121672 0.046892 0.120595 0.047534 0.119325 0.047760 0.118055 0.047534 0.116978 0.046892 0.116258 0.045931 0.116006 0.044798 0.116258 0.043665 0.116978 0.042704 0.118055 0.042062 0.119325 0.041837 0.120595 0.042062 0.121672 0.042704 0.122391 0.043665
0 0.077593 0.010769 0.077362 0.012042 0.076703 0.013122 0.075717 0.013843 0.074555 0.014096 0.073392 0.013843 0.072406 0.013122 0.071747 0.012042 0.071516 0.010769 0.071747 0.009496 0.072406 0.008417 0.073392 0.007696 0.074555 0.007442 0.075717 0.007696 0.076703 0.008417 0.077362 0.009496
0 0.026753 0.086231 0.026584 0.087364 0.026105 0.088325 0.025387 0.088967 0.024540 0.089192 0.023693 0.088967 0.022976 0.088325 0.022496 0.087364 0.022328 0.086231 0.022496 0.085097 0.022976 0.084137 0.023693 0.083495 0.024540 0.083269 0.025387 0.083495 0.026105 0.084137 0.026584 0.085097
0 0.153039 0.145413 0.152807 0.146547 0.152149 0.147508 0.151163 0.148150 0.150000 0.148375 0.148837 0.148150 0.147851 0.147508 0.147193 0.146547 0.146961 0.145413 0.147193 0.144280 0.147851 0.143319 0.148837 0.142677 0.150000 0.142452 0.151163 0.142677 0.152149 0.143319 0.152807 0.144280
0 0.145855 0.127471 0.145666 0.128674 0.145127 0.129694 0.144320 0.130376 0.143369 0.130615 0.142418 0.130376 0.141612 0.129694 0.141073 0.128674 0.140884 0.127471 0.141073 0.126268 0.141612 0.125248 0.142418 0.124566 0.143369 0.124327 0.144320 0.124566 0.145127 0.125248 0.145666 0.126268
0 0.153592 0.120625 0.153403 0.121898 0.152864 0.122977 0.152058 0.123699 0.151106 0.123952 0.150155 0.123699 0.149349 0.122977 0.148810 0.121898 0.148621 0.120625 0.148810 0.119352 0.149349 0.118273 0.150155 0.117551 0.151106 0.117298 0.152058 0.117551 0.152864 0.118273 0.153403 0.119352
0 0.148621 0.114337 0.148452 0.115470 0.147973 0.116431 0.147255 0.117073 0.146408 0.117298 0.145561 0.117073 0.144843 0.116431 0.144364 0.115470 0.144195 0.114337 0.144364 0.113203 0.144843 0.112242 0.145561 0.111600 0.146408 0.111375 0.147255 0.111600 0.147973 0.112242 0.148452 0.113203
0 0.161056 0.119702 0.160814 0.121045 0.160126 0.122184 0.159096 0.122944 0.157881 0.123212 0.156666 0.122944 0.155635 0.122184 0.154947 0.121045 0.154705 0.119702 0.154947 0.118359 0.155635 0.117220 0.156666 0.116459 0.157881 0.116192 0.159096 0.116459 0.160126 0.117220 0.160814 0.118359
0 0.170180 0.113413 0.169959 0.114617 0.169330 0.115637 0.168388 0.116318 0.167277 0.116558 0.166167 0.116318 0.165225 0.115637 0.164596 0.114617 0.164375 0.113413 0.164596 0.112210 0.165225 0.111190 0.166167 0.110509 0.167277 0.110269 0.168388 0.110509 0.169330 0.111190 0.169959 0.112210
0 0.157737 0.098615 0.157537 0.100102 0.156969 0.101362 0.156118 0.102204 0.155115 0.102500 0.154111 0.102204 0.153261 0.101362 0.152692 0.100102 0.152493 0.098615 0.152692 0.097129 0.153261 0.095869 0.154111 0.095026 0.155115 0.094731 0.156118 0.095026 0.156969 0.095869 0.157537 0.097129
0 0.142263 0.097144 0.142052 0.098347 0.141453 0.099368 0.140556 0.100049 0.139497 0.100288 0.138439 0.100049 0.137541 0.099368 0.136942 0.098347 0.136731 0.097144 0.136942 0.095941 0.137541 0.094921 0.138439 0.094239 0.139497 0.094000 0.140556 0.094239 0.141453 0.094921 0.142052 0.095941
0 0.140057 0.214394 0.139889 0.215597 0.139409 0.216618 0.138692 0.217299 0.137845 0.217538 0.136998 0.217299 0.136280 0.216618 0.135801 0.215597 0.135632 0.214394 0.135801 0.213191 0.136280 0.212171 0.136998 0.211489 0.137845 0.211250 0.138692 0.211489 0.139409 0.212171 0.139889 0.213191
0 0.136185 0.204404 0.136007 0.205607 0.135497 0.206627 0.134735 0.207309 0.133836 0.207548 0.132937 0.207309 0.132175 0.206627 0.131666 0.205607 0.131487 0.204404 0.131666 0.203201 0.132175 0.202181 0.132937 0.201499 0.133836 0.201260 0.134735 0.201499 0.135497 0.202181 0.136007 0.203201
0 0.128168 0.214029 0.127979 0.215232 0.127440 0.216252 0.126634 0.216934 0.125682 0.217173 0.124731 0.216934 0.123925 0.216252 0.123386 0.215232 0.123197 0.214029 0.123386 0.212826 0.123925 0.211806 0.124731 0.211124 0.125682 0.210885 0.126634 0.211124 0.127440 0.211806 0.127979 0.212826
0 0.128168 0.174817 0.127989 0.176160 0.127480 0.177299 0.126718 0.178060 0.125819 0.178327 0.124920 0.178060 0.124158 0.177299 0.123649 0.176160 0.123470 0.174817 0.123649 0.173474 0.124158 0.172336 0.124920 0.171575 0.125819 0.171308 0.126718 0.171575 0.127480 0.172336 0.127989 0.173474
0 0.101365 0.188683 0.101176 0.189956 0.100637 0.191035 0.099831 0.191756 0.098879 0.192010 0.097928 0.191756 0.097122 0.191035 0.096583 0.189956 0.096394 0.188683 0.096583 0.187410 0.097122 0.186330 0.097928 0.185609 0.098879 0.185356 0.099831 0.185609 0.100637 0.186330 0.101176 0.187410
0 0.075941 0.217904 0.075710 0.219321 0.075051 0.220522 0.074065 0.221324 0.072902 0.221606 0.071739 0.221324 0.070754 0.220522 0.070095 0.219321 0.069864 0.217904 0.070095 0.216487 0.070754 0.215286 0.071739 0.214484 0.072902 0.214202 0.074065 0.214484 0.075051 0.215286 0.075710 0.216487
0 0.071523 0.212731 0.071312 0.214287 0.070713 0.215607 0.069816 0.216488 0.068757 0.216798 0.067699 0.216488 0.066801 0.215607 0.066202 0.214287 0.065991 0.212731 0.066202 0.211174 0.066801 0.209855 0.067699 0.208973 0.068757 0.208663 0.069816 0.208973 0.070713 0.209855 0.071312 0.211174
0 0.060187 0.199596 0.059987 0.201083 0.059419 0.202343 0.058568 0.203185 0.057565 0.203481 0.056561 0.203185 0.055711 0.202343 0.055142 0.201083 0.054943 0.199596 0.055142 0.198110 0.055711 0.196849 0.056561 0.196007 0.057565 0.195712 0.058568 0.196007 0.059419 0.196849 0.059987 0.198110
0 0.072076 0.191644 0.071866 0.192917 0.071266 0.193997 0.070369 0.194718 0.069310 0.194971 0.068252 0.194718 0.067355 0.193997 0.066755 0.192917 0.066545 0.191644 0.066755 0.190371 0.067355 0.189292 0.068252 0.188571 0.069310 0.188317 0.070369 0.188571 0.071266 0.189292 0.071866 0.190371
0 0.077593 0.189423 0.077362 0.190696 0.076703 0.191776 0.075717 0.192497 0.074555 0.192750 0.073392 0.192497 0.072406 0.191776 0.071747 0.190696 0.071516 0.189423 0.071747 0.188150 0.072406 0.187071 0.073392 0.186349 0.074555 0.186096 0.075717 0.186349 0.076703 0.187071 0.077362 0.188150
0 0.048578 0.182029 0.048357 0.183302 0.047728 0.184381 0.046786 0.185103 0.045675 0.185356 0.044565 0.185103 0.043623 0.184381 0.042994 0.183302 0.042773 0.182029 0.042994 0.180756 0.043623 0.179676 0.044565 0.178955 0.045675 0.178702 0.046786 0.178955 0.047728 0.179676 0.048357 0.180756
0 0.039181 0.180548 0.038950 0.181821 0.038291 0.182901 0.037305 0.183622 0.036142 0.183875 0.034979 0.183622 0.033993 0.182901 0.033335 0.181821 0.033103 0.180548 0.033335 0.179275 0.033993 0.178196 0.034979 0.177474 0.036142 0.177221 0.037305 0.177474 0.038291 0.178196 0.038950 0.179275
0 0.023987 0.187394 0.023756 0.188597 0.023097 0.189618 0.022111 0.190299 0.020948 0.190538 0.019785 0.190299 0.018800 0.189618 0.018141 0.188597 0.017909 0.187394 0.018141 0.186191 0.018800 0.185171 0.019785 0.184489 0.020948 0.184250 0.022111 0.184489 0.023097 0.185171 0.023756 0.186191
0 0.023434 0.199596 0.023223 0.200799 0.022624 0.201819 0.021727 0.202501 0.020668 0.202740 0.019610 0.202501 0.018712 0.201819 0.018113 0.200799 0.017902 0.199596 0.018113 0.198393 0.018712 0.197373 0.019610 0.196691 0.020668 0.196452 0.021727 0.196691 0.022624 0.197373 0.023223 0.198393
0 0.017356 0.154654 0.017146 0.156210 0.016546 0.157530 0.015649 0.158412 0.014591 0.158721 0.013532 0.158412 0.012635 0.157530 0.012035 0.156210 0.011825 0.154654 0.012035 0.153097 0.012635 0.151778 0.013532 0.150896 0.014591 0.150587 0.015649 0.150896 0.016546 0.151778 0.017146 0.153097
0 0.025639 0.135240 0.025440 0.136727 0.024871 0.137987 0.024021 0.138829 0.023017 0.139125 0.022014 0.138829 0.021163 0.137987 0.020595 0.136727 0.020395 0.135240 0.020595 0.133754 0.021163 0.132494 0.022014 0.131651 0.023017 0.131356 0.024021 0.131651 0.024871 0.132494 0.025440 0.133754
0 0.036142 0.133202 0.035943 0.134758 0.035374 0.136078 0.034524 0.136960 0.033520 0.137269 0.032517 0.136960 0.031666 0.136078 0.031098 0.134758 0.030898 0.133202 0.031098 0.131645 0.031666 0.130326 0.032517 0.129444 0.033520 0.129135 0.034524 0.129444 0.035374 0.130326 0.035943 0.131645
0 0.040568 0.141346 0.040409 0.142903 0.039959 0.144222 0.039286 0.145104 0.038491 0.145413 0.037697 0.145104 0.037023 0.144222 0.036573 0.142903 0.036415 0.141346 0.036573 0.139790 0.037023 0.138470 0.037697 0.137588 0.038491 0.137279 0.039286 0.137588 0.039959 0.138470 0.040409 0.139790
0 0.047471 0.146337 0.047272 0.147823 0.046703 0.149083 0.045853 0.149925 0.044849 0.150221 0.043846 0.149925 0.042995 0.149083 0.042427 0.147823 0.042227 0.146337 0.042427 0.144850 0.042995 0.143590 0.043846 0.142748 0.044849 0.142452 0.045853 0.142748 0.046703 0.143590 0.047272 0.144850
0 0.014037 0.115635 0.013848 0.116978 0.013309 0.118116 0.012503 0.118877 0.011552 0.119144 0.010601 0.118877 0.009794 0.118116 0.009255 0.116978 0.009066 0.115635 0.009255 0.114292 0.009794 0.113153 0.010601 0.112392 0.011552 0.112125 0.012503 0.112392 0.013309 0.113153 0.013848 0.114292
0 0.006846 0.104721 0.006657 0.106138 0.006118 0.107339 0.005312 0.108141 0.004361 0.108423 0.003409 0.108141 0.002603 0.107339 0.002064 0.106138 0.001875 0.104721 0.002064 0.103304 0.002603 0.102103 0.003409 0.101301 0.004361 0.101019 0.005312 0.101301 0.006118 0.102103 0.006657 0.103304
0 0.023987 0.109529 0.023777 0.111085 0.023177 0.112405 0.022280 0.113287 0.021221 0.113596 0.020163 0.113287 0.019266 0.112405 0.018666 0.111085 0.018455 0.109529 0.018666 0.107972 0.019266 0.106653 0.020163 0.105771 0.021221 0.105462 0.022280 0.105771 0.023177 0.106653 0.023777 0.107972
0 0.028958 0.112115 0.028748 0.113389 0.028148 0.114468 0.027251 0.115189 0.026193 0.115442 0.025134 0.115189 0.024237 0.114468 0.023637 0.113389 0.023427 0.112115 0.023637 0.110842 0.024237 0.109763 0.025134 0.109042 0.026193 0.108788 0.027251 0.109042 0.028148 0.109763 0.028748 0.110842
0 0.030618 0.107500 0.030471 0.108563 0.030052 0.109465 0.029425 0.110067 0.028685 0.110279 0.027946 0.110067 0.027319 0.109465 0.026900 0.108563 0.026753 0.107500 0.026900 0.106437 0.027319 0.105535 0.027946 0.104933 0.028685 0.104721 0.029425 0.104933 0.030052 0.105535 0.030471 0.106437
0 0.135869 0.142433 0.135673 0.143923 0.135116 0.145186 0.134282 0.146030 0.133297 0.146327 0.132313 0.146030 0.131479 0.145186 0.130921 0.143923 0.130726 0.142433 0.130921 0.140942 0.131479 0.139679 0.132313 0.138835 0.133297 0.138538 0.134282 0.138835 0.135116 0.139679 0.135673 0.140942
0 0.140790 0.138990 0.140594 0.140308 0.140037 0.141424 0.139203 0.142171 0.138218 0.142433 0.137234 0.142171 0.136400 0.141424 0.135842 0.140308 0.135647 0.138990 0.135842 0.137673 0.136400 0.136556 0.137234 0.135810 0.138218 0.135548 0.139203 0.135810 0.140037 0.136556 0.140594 0.137673
0 0.129835 0.100135 0.129662 0.101297 0.129170 0.102283 0.128433 0.102942 0.127565 0.103173 0.126696 0.102942 0.125959 0.102283 0.125467 0.101297 0.125295 0.100135 0.125467 0.098972 0.125959 0.097986 0.126696 0.097327 0.127565 0.097096 0.128433 0.097327 0.129170 0.097986 0.129662 0.098972
0 0.104885 0.080913 0.104712 0.082076 0.104220 0.083062 0.103484 0.083721 0.102615 0.083952 0.101746 0.083721 0.101010 0.083062 0.100518 0.082076 0.100345 0.080913 0.100518 0.079751 0.101010 0.078765 0.101746 0.078106 0.102615 0.077875 0.103484 0.078106 0.104220 0.078765 0.104712 0.079751
0 0.095057 0.070625 0.094875 0.071850 0.094357 0.072889 0.093581 0.073583 0.092665 0.073827 0.091750 0.073583 0.090974 0.072889 0.090455 0.071850 0.090273 0.070625 0.090455 0.069400 0.090974 0.068361 0.091750 0.067667 0.092665 0.067423 0.093581 0.067667 0.094357 0.068361 0.094875 0.069400
0 0.081451 0.066577 0.081278 0.067673 0.080786 0.068603 0.080050 0.069224 0.079181 0.069442 0.078312 0.069224 0.077576 0.068603 0.077084 0.067673 0.076911 0.066577 0.077084 0.065480 0.077576 0.064551 0.078312 0.063930 0.079181 0.063712 0.080050 0.063930 0.080786 0.064551 0.081278 0.065480
0 0.079440 0.074173 0.079229 0.075336 0.078627 0.076322 0.077728 0.076980 0.076667 0.077212 0.075605 0.076980 0.074706 0.076322 0.074105 0.075336 0.073894 0.074173 0.074105 0.073010 0.074706 0.072025 0.075605 0.071366 0.076667 0.071135 0.077728 0.071366 0.078627 0.072025 0.079229 0.073010
0 0.079943 0.078558 0.079770 0.079592 0.079278 0.080468 0.078541 0.081054 0.077672 0.081260 0.076804 0.081054 0.076067 0.080468 0.075575 0.079592 0.075402 0.078558 0.075575 0.077524 0.076067 0.076647 0.076804 0.076061 0.077672 0.075856 0.078541 0.076061 0.079278 0.076647 0.079770 0.077524
0 0.078427 0.086481 0.078254 0.087577 0.077762 0.088507 0.077025 0.089128 0.076157 0.089346 0.075288 0.089128 0.074551 0.088507 0.074059 0.087577 0.073886 0.086481 0.074059 0.085384 0.074551 0.084455 0.075288 0.083833 0.076157 0.083615 0.077025 0.083833 0.077762 0.084455 0.078254 0.085384
0 0.068348 0.076529 0.068156 0.077692 0.067609 0.078677 0.066791 0.079336 0.065826 0.079567 0.064861 0.079336 0.064043 0.078677 0.063497 0.077692 0.063305 0.076529 0.063497 0.075366 0.064043 0.074380 0.064861 0.073722 0.065826 0.073490 0.066791 0.073722 0.067609 0.074380 0.068156 0.075366
0 0.150999 0.069106 0.150826 0.070269 0.150334 0.071254 0.149597 0.071913 0.148728 0.072144 0.147860 0.071913 0.147123 0.071254 0.146631 0.070269 0.146458 0.069106 0.146631 0.067943 0.147123 0.066957 0.147860 0.066299 0.148728 0.066067 0.149597 0.066299 0.150334 0.066957 0.150826 0.067943
0 0.152514 0.081087 0.152361 0.082312 0.151923 0.083351 0.151268 0.084045 0.150496 0.084288 0.149723 0.084045 0.149068 0.083351 0.148631 0.082312 0.148477 0.081087 0.148631 0.079861 0.149068 0.078822 0.149723 0.078128 0.150496 0.077885 0.151268 0.078128 0.151923 0.078822 0.152361 0.079861
0 0.148736 0.078048 0.148563 0.079016 0.148071 0.079836 0.147334 0.080384 0.146466 0.080577 0.145597 0.080384 0.144860 0.079836 0.144368 0.079016 0.144195 0.078048 0.144368 0.077080 0.144860 0.076260 0.145597 0.075712 0.146466 0.075519 0.147334 0.075712 0.148071 0.076260 0.148563 0.077080
0 0.144957 0.076865 0.144784 0.077899 0.144292 0.078776 0.143556 0.079362 0.142687 0.079567 0.141818 0.079362 0.141082 0.078776 0.140589 0.077899 0.140417 0.076865 0.140589 0.075831 0.141082 0.074955 0.141818 0.074369 0.142687 0.074163 0.143556 0.074369 0.144292 0.074955 0.144784 0.075831
0 0.159066 0.087154 0.158922 0.088379 0.158513 0.089418 0.157900 0.090112 0.157177 0.090356 0.156454 0.090112 0.155841 0.089418 0.155431 0.088379 0.155287 0.087154 0.155431 0.085929 0.155841 0.084890 0.156454 0.084196 0.157177 0.083952 0.157900 0.084196 0.158513 0.084890 0.158922 0.085929
0 0.160575 0.080404 0.160412 0.081887 0.159948 0.083144 0.159253 0.083984 0.158434 0.084279 0.157615 0.083984 0.156920 0.083144 0.156456 0.081887 0.156293 0.080404 0.156456 0.078921 0.156920 0.077664 0.157615 0.076824 0.158434 0.076529 0.159253 0.076824 0.159948 0.077664 0.160412 0.078921
0 0.173930 0.092385 0.173690 0.093676 0.173008 0.094771 0.171987 0.095503 0.170783 0.095760 0.169579 0.095503 0.168558 0.094771 0.167876 0.093676 0.167636 0.092385 0.167876 0.091093 0.168558 0.089998 0.169579 0.089267 0.170783 0.089010 0.171987 0.089267 0.173008 0.089998 0.173690 0.091093
0 0.161588 0.058990 0.161415 0.060282 0.160923 0.061377 0.160186 0.062108 0.159318 0.062365 0.158449 0.062108 0.157712 0.061377 0.157220 0.060282 0.157047 0.058990 0.157220 0.057699 0.157712 0.056604 0.158449 0.055872 0.159318 0.055615 0.160186 0.055872 0.160923 0.056604 0.161415 0.057699
0 0.165115 0.056635 0.164961 0.057669 0.164524 0.058545 0.163869 0.059131 0.163096 0.059337 0.162324 0.059131 0.161669 0.058545 0.161231 0.057669 0.161078 0.056635 0.161231 0.055601 0.161669 0.054724 0.162324 0.054138 0.163096 0.053933 0.163869 0.054138 0.164524 0.054724 0.164961 0.055601
0 0.166624 0.052250 0.166489 0.053413 0.166106 0.054399 0.165533 0.055057 0.164856 0.055288 0.164180 0.055057 0.163607 0.054399 0.163224 0.053413 0.163089 0.052250 0.163224 0.051087 0.163607 0.050101 0.164180 0.049443 0.164856 0.049212 0.165533 0.049443 0.166106 0.050101 0.166489 0.051087
0 0.135632 0.056462 0.135421 0.057944 0.134820 0.059202 0.133920 0.060042 0.132859 0.060337 0.131798 0.060042 0.130898 0.059202 0.130297 0.057944 0.130086 0.056462 0.130297 0.054979 0.130898 0.053721 0.131798 0.052882 0.132859 0.052587 0.133920 0.052882 0.134820 0.053721 0.135421 0.054979
0 0.140668 0.051913 0.140514 0.053205 0.140077 0.054300 0.139422 0.055032 0.138649 0.055288 0.137877 0.055032 0.137222 0.054300 0.136784 0.053205 0.136631 0.051913 0.136784 0.050622 0.137222 0.049527 0.137877 0.048795 0.138649 0.048538 0.139422 0.048795 0.140077 0.049527 0.140514 0.050622
0 0.137141 0.048029 0.136959 0.049641 0.136440 0.051007 0.135664 0.051920 0.134749 0.052240 0.133833 0.051920 0.133057 0.051007 0.132538 0.049641 0.132356 0.048029 0.132538 0.046417 0.133057 0.045051 0.133833 0.044138 0.134749 0.043817 0.135664 0.044138 0.136440 0.045051 0.136959 0.046417
0 0.150496 0.058654 0.150323 0.059688 0.149831 0.060564 0.149094 0.061150 0.148226 0.061356 0.147357 0.061150 0.146620 0.060564 0.146128 0.059688 0.145955 0.058654 0.146128 0.057620 0.146620 0.056743 0.147357 0.056158 0.148226 0.055952 0.149094 0.056158 0.149831 0.056743 0.150323 0.057620
0 0.150496 0.053260 0.150323 0.054422 0.149831 0.055408 0.149094 0.056067 0.148226 0.056298 0.147357 0.056067 0.146620 0.055408 0.146128 0.054422 0.145955 0.053260 0.146128 0.052097 0.146620 0.051111 0.147357 0.050452 0.148226 0.050221 0.149094 0.050452 0.149831 0.051111 0.150323 0.052097
0 0.145460 0.046683 0.145287 0.047908 0.144795 0.048947 0.144058 0.049641 0.143190 0.049885 0.142321 0.049641 0.141584 0.048947 0.141092 0.047908 0.140920 0.046683 0.141092 0.045457 0.141584 0.044419 0.142321 0.043725 0.143190 0.043481 0.144058 0.043725 0.144795 0.044419 0.145287 0.045457
0 0.151509 0.046683 0.151355 0.047908 0.150917 0.048947 0.150262 0.049641 0.149490 0.049885 0.148717 0.049641 0.148063 0.048947 0.147625 0.047908 0.147471 0.046683 0.147625 0.045457 0.148063 0.044419 0.148717 0.043725 0.149490 0.043481 0.150262 0.043725 0.150917 0.044419 0.151355 0.045457
0 0.154274 0.043308 0.154092 0.044533 0.153574 0.045572 0.152798 0.046266 0.151882 0.046510 0.150967 0.046266 0.150191 0.045572 0.149672 0.044533 0.149490 0.043308 0.149672 0.042082 0.150191 0.041044 0.150967 0.040350 0.151882 0.040106 0.152798 0.040350 0.153574 0.041044 0.154092 0.042082
0 0.150747 0.043481 0.150527 0.044644 0.149899 0.045629 0.148960 0.046288 0.147852 0.046519 0.146744 0.046288 0.145805 0.045629 0.145177 0.044644 0.144957 0.043481 0.145177 0.042318 0.145805 0.041332 0.146744 0.040674 0.147852 0.040442 0.148960 0.040674 0.149899 0.041332 0.150527 0.042318
0 0.148226 0.049212 0.148082 0.050503 0.147672 0.051598 0.147059 0.052330 0.146336 0.052587 0.145613 0.052330 0.145000 0.051598 0.144591 0.050503 0.144447 0.049212 0.144591 0.047920 0.145000 0.046825 0.145613 0.046093 0.146336 0.045837 0.147059 0.046093 0.147672 0.046825 0.148082 0.047920
0 0.136638 0.069558 0.136408 0.070720 0.135752 0.071706 0.134771 0.072365 0.133614 0.072596 0.132456 0.072365 0.131475 0.071706 0.130819 0.070720 0.130589 0.069558 0.130819 0.068395 0.131475 0.067409 0.132456 0.066751 0.133614 0.066519 0.134771 0.066751 0.135752 0.067409 0.136408 0.068395
0 0.051717 0.015596 0.051516 0.016630 0.050943 0.017507 0.050085 0.018092 0.049073 0.018298 0.048062 0.018092 0.047204 0.017507 0.046631 0.016630 0.046430 0.015596 0.046631 0.014562 0.047204 0.013686 0.048062 0.013100 0.049073 0.012894 0.050085 0.013100 0.050943 0.013686 0.051516 0.014562
0 0.047687 0.015596 0.047533 0.016630 0.047096 0.017507 0.046441 0.018092 0.045668 0.018298 0.044896 0.018092 0.044241 0.017507 0.043803 0.016630 0.043649 0.015596 0.043803 0.014562 0.044241 0.013686 0.044896 0.013100 0.045668 0.012894 0.046441 0.013100 0.047096 0.013686 0.047533 0.014562
0 0.053980 0.025885 0.053760 0.026981 0.053132 0.027911 0.052193 0.028532 0.051085 0.028750 0.049977 0.028532 0.049038 0.027911 0.048410 0.026981 0.048190 0.025885 0.048410 0.024788 0.049038 0.023858 0.049977 0.023237 0.051085 0.023019 0.052193 0.023237 0.053132 0.023858 0.053760 0.024788
0 0.056760 0.024029 0.056606 0.024934 0.056169 0.025701 0.055514 0.026214 0.054741 0.026394 0.053969 0.026214 0.053314 0.025701 0.052876 0.024934 0.052723 0.024029 0.052876 0.023124 0.053314 0.022356 0.053969 0.021844 0.054741 0.021663 0.055514 0.021844 0.056169 0.022356 0.056606 0.023124
0 0.060790 0.022000 0.060579 0.022905 0.059978 0.023673 0.059078 0.024185 0.058017 0.024365 0.056956 0.024185 0.056056 0.023673 0.055455 0.022905 0.055244 0.022000 0.055455 0.021095 0.056056 0.020327 0.056956 0.019815 0.058017 0.019635 0.059078 0.019815 0.059978 0.020327 0.060579 0.021095
0 0.065833 0.010702 0.065622 0.011798 0.065021 0.012728 0.064122 0.013349 0.063060 0.013567 0.061999 0.013349 0.061100 0.012728 0.060498 0.011798 0.060287 0.010702 0.060498 0.009605 0.061100 0.008676 0.061999 0.008055 0.063060 0.007837 0.064122 0.008055 0.065021 0.008676 0.065622 0.009605
0 0.061293 0.010202 0.060948 0.011236 0.059965 0.012112 0.058495 0.012698 0.056760 0.012904 0.055025 0.012698 0.053555 0.012112 0.052572 0.011236 0.052227 0.010202 0.052572 0.009168 0.053555 0.008291 0.055025 0.007706 0.056760 0.007500 0.058495 0.007706 0.059965 0.008291 0.060948 0.009168
0 0.067845 0.021500 0.067653 0.022597 0.067106 0.023526 0.066288 0.024147 0.065323 0.024365 0.064358 0.024147 0.063540 0.023526 0.062994 0.022597 0.062802 0.021500 0.062994 0.020403 0.063540 0.019474 0.064358 0.018853 0.065323 0.018635 0.066288 0.018853 0.067106 0.019474 0.067653 0.020403
0 0.065582 0.026048 0.065409 0.027211 0.064917 0.028197 0.064181 0.028855 0.063312 0.029087 0.062443 0.028855 0.061707 0.028197 0.061214 0.027211 0.061042 0.026048 0.061214 0.024885 0.061707 0.023900 0.062443 0.023241 0.063312 0.023010 0.064181 0.023241 0.064917 0.023900 0.065409 0.024885
0 0.065833 0.030269 0.065661 0.031366 0.065168 0.032295 0.064432 0.032917 0.063563 0.033135 0.062694 0.032917 0.061958 0.032295 0.061466 0.031366 0.061293 0.030269 0.061466 0.029173 0.061958 0.028243 0.062694 0.027622 0.063563 0.027404 0.064432 0.027622 0.065168 0.028243 0.065661 0.029173
0 0.096315 0.017615 0.096133 0.018907 0.095614 0.020002 0.094838 0.020733 0.093922 0.020990 0.093007 0.020733 0.092231 0.020002 0.091712 0.018907 0.091530 0.017615 0.091712 0.016324 0.092231 0.015229 0.093007 0.014497 0.093922 0.014240 0.094838 0.014497 0.095614 0.015229 0.096133 0.016324
0 0.135884 0.040721 0.135730 0.042075 0.135292 0.043223 0.134637 0.043990 0.133865 0.044260 0.133092 0.043990 0.132438 0.043223 0.132000 0.042075 0.131846 0.040721 0.132000 0.039367 0.132438 0.038219 0.133092 0.037452 0.133865 0.037183 0.134637 0.037452 0.135292 0.038219 0.135730 0.039367
0 0.139411 0.035154 0.139238 0.036188 0.138746 0.037064 0.138010 0.037650 0.137141 0.037856 0.136272 0.037650 0.135536 0.037064 0.135043 0.036188 0.134871 0.035154 0.135043 0.034120 0.135536 0.033243 0.136272 0.032658 0.137141 0.032452 0.138010 0.032658 0.138746 0.033243 0.139238 0.034120
0 0.149993 0.037519 0.149858 0.038424 0.149475 0.039192 0.148902 0.039705 0.148226 0.039885 0.147549 0.039705 0.146976 0.039192 0.146593 0.038424 0.146458 0.037519 0.146593 0.036614 0.146976 0.035847 0.147549 0.035334 0.148226 0.035154 0.148902 0.035334 0.149475 0.035847 0.149858 0.036614
2 0.159066 0.033808 0.158836 0.035357 0.158180 0.036670 0.157199 0.037548 0.156042 0.037856 0.154884 0.037548 0.153903 0.036670 0.153247 0.035357 0.153017 0.033808 0.153247 0.032259 0.153903 0.030945 0.154884 0.030068 0.156042 0.029760 0.157199 0.030068 0.158180 0.030945 0.158836 0.032259
2 0.164102 0.036510 0.163872 0.038188 0.163216 0.039610 0.162235 0.040560 0.161078 0.040894 0.159920 0.040560 0.158939 0.039610 0.158283 0.038188 0.158053 0.036510 0.158283 0.034832 0.158939 0.033409 0.159920 0.032459 0.161078 0.032125 0.162235 0.032459 0.163216 0.033409 0.163872 0.034832
5 0.154180 0.036295 0.149889 0.043503 0.148373 0.056656 0.152633 0.057536 0.153636 0.045849 0.157414 0.040109
0 0.098082 0.051010 0.097900 0.052044 0.097381 0.052920 0.096605 0.053506 0.095690 0.053712 0.094774 0.053506 0.093998 0.052920 0.093480 0.052044 0.093297 0.051010 0.093480 0.049976 0.093998 0.049099 0.094774 0.048513 0.095690 0.048308 0.096605 0.048513 0.097381 0.049099 0.097900 0.049976
0 0.097328 0.045106 0.097165 0.046589 0.096701 0.047846 0.096006 0.048686 0.095187 0.048981 0.094368 0.048686 0.093673 0.047846 0.093209 0.046589 0.093046 0.045106 0.093209 0.043623 0.093673 0.042366 0.094368 0.041526 0.095187 0.041231 0.096006 0.041526 0.096701 0.042366 0.097165 0.043623
0 0.044662 0.057413 0.044470 0.058576 0.043924 0.059562 0.043106 0.060221 0.042141 0.060452 0.041176 0.060221 0.040358 0.059562 0.039811 0.058576 0.039619 0.057413 0.039811 0.056251 0.040358 0.055265 0.041176 0.054606 0.042141 0.054375 0.043106 0.054606 0.043924 0.055265 0.044470 0.056251
0 0.025510 0.054548 0.025347 0.055902 0.024883 0.057050 0.024189 0.057817 0.023369 0.058087 0.022550 0.057817 0.021855 0.057050 0.021391 0.055902 0.021228 0.054548 0.021391 0.053194 0.021855 0.052046 0.022550 0.051279 0.023369 0.051010 0.024189 0.051279 0.024883 0.052046 0.025347 0.053194
0 0.024504 0.048308 0.024360 0.049728 0.023951 0.050932 0.023338 0.051737 0.022615 0.052019 0.021892 0.051737 0.021279 0.050932 0.020869 0.049728 0.020726 0.048308 0.020869 0.046887 0.021279 0.045683 0.021892 0.044879 0.022615 0.044596 0.023338 0.044879 0.023951 0.045683 0.024360 0.046887
0 0.032816 0.062481 0.032596 0.063772 0.031968 0.064867 0.031029 0.065599 0.029921 0.065856 0.028813 0.065599 0.027874 0.064867 0.027246 0.063772 0.027026 0.062481 0.027246 0.061189 0.027874 0.060094 0.028813 0.059363 0.029921 0.059106 0.031029 0.059363 0.031968 0.060094 0.032596 0.061189
0 0.027529 0.061798 0.027375 0.062832 0.026937 0.063709 0.026283 0.064294 0.025510 0.064500 0.024738 0.064294 0.024083 0.063709 0.023645 0.062832 0.023491 0.061798 0.023645 0.060764 0.024083 0.059888 0.024738 0.059302 0.025510 0.059096 0.026283 0.059302 0.026937 0.059888 0.027375 0.060764
0 0.040632 0.062817 0.040345 0.063980 0.039525 0.064966 0.038300 0.065624 0.036853 0.065856 0.035407 0.065624 0.034181 0.064966 0.033362 0.063980 0.033075 0.062817 0.033362 0.061655 0.034181 0.060669 0.035407 0.060010 0.036853 0.059779 0.038300 0.060010 0.039525 0.060669 0.040345 0.061655
0 0.035086 0.068548 0.034904 0.069968 0.034386 0.071173 0.033609 0.071977 0.032694 0.072260 0.031778 0.071977 0.031002 0.071173 0.030484 0.069968 0.030302 0.068548 0.030484 0.067128 0.031002 0.065924 0.031778 0.065119 0.032694 0.064837 0.033609 0.065119 0.034386 0.065924 0.034904 0.067128
0 0.088506 0.047135 0.088324 0.048231 0.087805 0.049161 0.087029 0.049782 0.086114 0.050000 0.085198 0.049782 0.084422 0.049161 0.083903 0.048231 0.083721 0.047135 0.083903 0.046038 0.084422 0.045108 0.085198 0.044487 0.086114 0.044269 0.087029 0.044487 0.087805 0.045108 0.088324 0.046038
0 0.090022 0.041904 0.089849 0.043067 0.089357 0.044052 0.088620 0.044711 0.087751 0.044942 0.086883 0.044711 0.086146 0.044052 0.085654 0.043067 0.085481 0.041904 0.085654 0.040741 0.086146 0.039755 0.086883 0.039097 0.087751 0.038865 0.088620 0.039097 0.089357 0.039755 0.089849 0.040741
0 0.089519 0.036846 0.089365 0.037880 0.088927 0.038757 0.088273 0.039342 0.087500 0.039548 0.086727 0.039342 0.086073 0.038757 0.085635 0.037880 0.085481 0.036846 0.085635 0.035812 0.086073 0.034936 0.086727 0.034350 0.087500 0.034144 0.088273 0.034350 0.088927 0.034936 0.089365 0.035812
0 0.088757 0.005644 0.088594 0.006870 0.088130 0.007908 0.087436 0.008602 0.086616 0.008846 0.085797 0.008602 0.085103 0.007908 0.084639 0.006870 0.084476 0.005644 0.084639 0.004419 0.085103 0.003380 0.085797 0.002686 0.086616 0.002442 0.087436 0.002686 0.088130 0.003380 0.088594 0.004419
0 0.084476 0.004635 0.084332 0.005731 0.083922 0.006661 0.083309 0.007282 0.082586 0.007500 0.081863 0.007282 0.081250 0.006661 0.080841 0.005731 0.080697 0.004635 0.080841 0.003538 0.081250 0.002608 0.081863 0.001987 0.082586 0.001769 0.083309 0.001987 0.083922 0.002608 0.084332 0.003538
0 0.084224 0.009865 0.084051 0.011028 0.083559 0.012014 0.082823 0.012673 0.081954 0.012904 0.081085 0.012673 0.080349 0.012014 0.079857 0.011028 0.079684 0.009865 0.079857 0.008703 0.080349 0.007717 0.081085 0.007058 0.081954 0.006827 0.082823 0.007058 0.083559 0.007717 0.084051 0.008703
0 0.025510 0.009356 0.025328 0.010967 0.024809 0.012334 0.024033 0.013247 0.023118 0.013567 0.022202 0.013247 0.021426 0.012334 0.020908 0.010967 0.020726 0.009356 0.020908 0.007744 0.021426 0.006378 0.022202 0.005465 0.023118 0.005144 0.024033 0.005465 0.024809 0.006378 0.025328 0.007744
0 0.028283 0.003115 0.028110 0.004021 0.027618 0.004788 0.026882 0.005301 0.026013 0.005481 0.025144 0.005301 0.024408 0.004788 0.023916 0.004021 0.023743 0.003115 0.023916 0.002210 0.024408 0.001443 0.025144 0.000930 0.026013 0.000750 0.026882 0.000930 0.027618 0.001443 0.028110 0.002210
0 0.024756 0.018798 0.024583 0.020671 0.024091 0.022259 0.023354 0.023320 0.022486 0.023692 0.021617 0.023320 0.020880 0.022259 0.020388 0.020671 0.020216 0.018798 0.020388 0.016925 0.020880 0.015337 0.021617 0.014276 0.022486 0.013904 0.023354 0.014276 0.024091 0.015337 0.024583 0.016925
0 0.113455 0.053375 0.113244 0.054924 0.112643 0.056237 0.111744 0.057115 0.110682 0.057423 0.109621 0.057115 0.108722 0.056237 0.108121 0.054924 0.107909 0.053375 0.108121 0.051826 0.108722 0.050513 0.109621 0.049635 0.110682 0.049327 0.111744 0.049635 0.112643 0.050513 0.113244 0.051826
0 0.114971 0.048481 0.114798 0.049706 0.114306 0.050745 0.113570 0.051439 0.112701 0.051683 0.111832 0.051439 0.111096 0.050745 0.110604 0.049706 0.110431 0.048481 0.110604 0.047255 0.111096 0.046217 0.111832 0.045523 0.112701 0.045279 0.113570 0.045523 0.114306 0.046217 0.114798 0.047255
0 0.112945 0.044606 0.112744 0.045640 0.112171 0.046516 0.111313 0.047102 0.110302 0.047308 0.109290 0.047102 0.108432 0.046516 0.107859 0.045640 0.107658 0.044606 0.107859 0.043572 0.108432 0.042695 0.109290 0.042110 0.110302 0.041904 0.111313 0.042110 0.112171 0.042695 0.112744 0.043572
0 0.113204 0.062481 0.113041 0.063901 0.112577 0.065105 0.111882 0.065910 0.111063 0.066192 0.110244 0.065910 0.109549 0.065105 0.109085 0.063901 0.108922 0.062481 0.109085 0.061060 0.109549 0.059856 0.110244 0.059052 0.111063 0.058769 0.111882 0.059052 0.112577 0.059856 0.113041 0.061060
0 0.109928 0.067538 0.109784 0.068701 0.109375 0.069687 0.108762 0.070346 0.108039 0.070577 0.107316 0.070346 0.106703 0.069687 0.106293 0.068701 0.106149 0.067538 0.106293 0.066376 0.106703 0.065390 0.107316 0.064731 0.108039 0.064500 0.108762 0.064731 0.109375 0.065390 0.109784 0.066376
0 0.107407 0.071250 0.107263 0.072155 0.106853 0.072923 0.106240 0.073435 0.105517 0.073615 0.104794 0.073435 0.104181 0.072923 0.103772 0.072155 0.103628 0.071250 0.103772 0.070345 0.104181 0.069577 0.104794 0.069065 0.105517 0.068885 0.106240 0.069065 0.106853 0.069577 0.107263 0.070345
0 0.043010 0.102308 0.042812 0.103364 0.042246 0.104259 0.041400 0.104857 0.040402 0.105067 0.039404 0.104857 0.038558 0.104259 0.037993 0.103364 0.037795 0.102308 0.037993 0.101252 0.038558 0.100356 0.039404 0.099758 0.040402 0.099548 0.041400 0.099758 0.042246 0.100356 0.042812 0.101252
0 0.047126 0.099913 0.046928 0.100900 0.046363 0.101736 0.045517 0.102294 0.044519 0.102490 0.043521 0.102294 0.042675 0.101736 0.042109 0.100900 0.041911 0.099913 0.042109 0.098927 0.042675 0.098091 0.043521 0.097533 0.044519 0.097337 0.045517 0.097533 0.046363 0.098091 0.046928 0.098927
0 0.050704 0.097894 0.050526 0.098950 0.050020 0.099846 0.049263 0.100444 0.048369 0.100654 0.047476 0.100444 0.046718 0.099846 0.046212 0.098950 0.046034 0.097894 0.046212 0.096838 0.046718 0.095943 0.047476 0.095345 0.048369 0.095135 0.049263 0.095345 0.050020 0.095943 0.050526 0.096838
0 0.073786 0.064971 0.073566 0.066097 0.072940 0.067052 0.072003 0.067689 0.070898 0.067913 0.069793 0.067689 0.068856 0.067052 0.068230 0.066097 0.068010 0.064971 0.068230 0.063845 0.068856 0.062891 0.069793 0.062253 0.070898 0.062029 0.072003 0.062253 0.072940 0.062891 0.073566 0.063845
0 0.066645 0.061481 0.066425 0.062816 0.065799 0.063949 0.064862 0.064705 0.063757 0.064971 0.062652 0.064705 0.061715 0.063949 0.061089 0.062816 0.060869 0.061481 0.061089 0.060145 0.061715 0.059013 0.062652 0.058256 0.063757 0.057990 0.064862 0.058256 0.065799 0.059013 0.066425 0.060145
0 0.068836 0.057615 0.068638 0.058741 0.068072 0.059696 0.067226 0.060334 0.066228 0.060558 0.065231 0.060334 0.064384 0.059696 0.063819 0.058741 0.063621 0.057615 0.063819 0.056489 0.064384 0.055535 0.065231 0.054897 0.066228 0.054673 0.067226 0.054897 0.068072 0.055535 0.068638 0.056489
0 0.070761 0.060740 0.070594 0.061936 0.070118 0.062950 0.069404 0.063628 0.068563 0.063865 0.067722 0.063628 0.067009 0.062950 0.066532 0.061936 0.066365 0.060740 0.066532 0.059544 0.067009 0.058531 0.067722 0.057853 0.068563 0.057615 0.069404 0.057853 0.070118 0.058531 0.070594 0.059544
0 0.052349 0.060558 0.052067 0.061967 0.051263 0.063162 0.050061 0.063960 0.048642 0.064240 0.047224 0.063960 0.046021 0.063162 0.045218 0.061967 0.044935 0.060558 0.045218 0.059148 0.046021 0.057954 0.047224 0.057155 0.048642 0.056875 0.050061 0.057155 0.051263 0.057954 0.052067 0.059148
0 0.057026 0.058356 0.056816 0.059905 0.056220 0.061218 0.055327 0.062096 0.054274 0.062404 0.053221 0.062096 0.052329 0.061218 0.051732 0.059905 0.051523 0.058356 0.051732 0.056807 0.052329 0.055493 0.053221 0.054616 0.054274 0.054308 0.055327 0.054616 0.056220 0.055493 0.056816 0.056807
0 0.015582 0.039144 0.015339 0.040546 0.014646 0.041735 0.013608 0.042529 0.012385 0.042808 0.011162 0.042529 0.010125 0.041735 0.009432 0.040546 0.009188 0.039144 0.009432 0.037742 0.010125 0.036554 0.011162 0.035760 0.012385 0.035481 0.013608 0.035760 0.014646 0.036554 0.015339 0.037742
0 0.113175 0.092010 0.112995 0.093415 0.112481 0.094607 0.111712 0.095403 0.110805 0.095683 0.109897 0.095403 0.109128 0.094607 0.108614 0.093415 0.108434 0.092010 0.108614 0.090604 0.109128 0.089412 0.109897 0.088616 0.110805 0.088337 0.111712 0.088616 0.112481 0.089412 0.112995 0.090604
0 0.102694 0.029904 0.102533 0.030798 0.102073 0.031556 0.101386 0.032063 0.100575 0.032240 0.099764 0.032063 0.099076 0.031556 0.098617 0.030798 0.098455 0.029904 0.098617 0.029010 0.099076 0.028252 0.099764 0.027745 0.100575 0.027567 0.101386 0.027745 0.102073 0.028252 0.102533 0.029010
0 0.102450 0.034240 0.102241 0.035517 0.101646 0.036600 0.100756 0.037323 0.099705 0.037577 0.098655 0.037323 0.097765 0.036600 0.097170 0.035517 0.096961 0.034240 0.097170 0.032964 0.097765 0.031881 0.098655 0.031158 0.099705 0.030904 0.100756 0.031158 0.101646 0.031881 0.102241 0.032964
0 0.074756 0.049606 0.074547 0.050883 0.073952 0.051965 0.073062 0.052688 0.072011 0.052942 0.070961 0.052688 0.070071 0.051965 0.069476 0.050883 0.069267 0.049606 0.069476 0.048329 0.070071 0.047246 0.070961 0.046523 0.072011 0.046269 0.073062 0.046523 0.073952 0.047246 0.074547 0.048329
0 0.080496 0.045760 0.080296 0.046974 0.079728 0.048003 0.078877 0.048691 0.077874 0.048933 0.076870 0.048691 0.076019 0.048003 0.075451 0.046974 0.075251 0.045760 0.075451 0.044545 0.076019 0.043516 0.076870 0.042828 0.077874 0.042587 0.078877 0.042828 0.079728 0.043516 0.080296 0.044545
0 0.078994 0.039923 0.078804 0.041329 0.078264 0.042520 0.077455 0.043317 0.076501 0.043596 0.075547 0.043317 0.074739 0.042520 0.074198 0.041329 0.074009 0.039923 0.074198 0.038517 0.074739 0.037326 0.075547 0.036530 0.076501 0.036250 0.077455 0.036530 0.078264 0.037326 0.078804 0.038517
0 0.075007 0.035413 0.074836 0.036628 0.074349 0.037657 0.073619 0.038345 0.072759 0.038587 0.071898 0.038345 0.071169 0.037657 0.070681 0.036628 0.070510 0.035413 0.070681 0.034199 0.071169 0.033170 0.071898 0.032482 0.072759 0.032240 0.073619 0.032482 0.074349 0.033170 0.074836 0.034199
0 0.079497 0.034750 0.079327 0.035835 0.078841 0.036756 0.078113 0.037371 0.077256 0.037587 0.076398 0.037371 0.075671 0.036756 0.075185 0.035835 0.075014 0.034750 0.075185 0.033665 0.075671 0.032744 0.076398 0.032129 0.077256 0.031913 0.078113 0.032129 0.078841 0.032744 0.079327 0.033665
0 0.078003 0.027731 0.077822 0.029199 0.077309 0.030444 0.076539 0.031275 0.075632 0.031567 0.074725 0.031275 0.073956 0.030444 0.073442 0.029199 0.073261 0.027731 0.073442 0.026263 0.073956 0.025018 0.074725 0.024186 0.075632 0.023894 0.076539 0.024186 0.077309 0.025018 0.077822 0.026263
0 0.075510 0.022394 0.075339 0.023480 0.074851 0.024400 0.074122 0.025015 0.073261 0.025231 0.072401 0.025015 0.071672 0.024400 0.071184 0.023480 0.071013 0.022394 0.071184 0.021309 0.071672 0.020388 0.072401 0.019774 0.073261 0.019558 0.074122 0.019774 0.074851 0.020388 0.075339 0.021309
0 0.079001 0.019721 0.078849 0.021318 0.078416 0.022672 0.077769 0.023577 0.077004 0.023894 0.076240 0.023577 0.075592 0.022672 0.075159 0.021318 0.075007 0.019721 0.075159 0.018124 0.075592 0.016770 0.076240 0.015866 0.077004 0.015548 0.077769 0.015866 0.078416 0.016770 0.078849 0.018124
0 0.088973 0.016048 0.088726 0.017134 0.088024 0.018054 0.086973 0.018669 0.085733 0.018885 0.084493 0.018669 0.083442 0.018054 0.082739 0.017134 0.082493 0.016048 0.082739 0.014963 0.083442 0.014042 0.084493 0.013427 0.085733 0.013212 0.086973 0.013427 0.088024 0.014042 0.088726 0.014963
0 0.056552 0.034577 0.056381 0.036236 0.055893 0.037643 0.055164 0.038583 0.054303 0.038913 0.053443 0.038583 0.052713 0.037643 0.052226 0.036236 0.052055 0.034577 0.052226 0.032917 0.052713 0.031511 0.053443 0.030570 0.054303 0.030240 0.055164 0.030570 0.055893 0.031511 0.056381 0.032917
0 0.061537 0.034240 0.061348 0.035263 0.060807 0.036131 0.059998 0.036710 0.059045 0.036913 0.058091 0.036710 0.057282 0.036131 0.056741 0.035263 0.056552 0.034240 0.056741 0.033217 0.057282 0.032350 0.058091 0.031771 0.059045 0.031567 0.059998 0.031771 0.060807 0.032350 0.061348 0.033217
0 0.120158 0.104192 0.119968 0.105407 0.119428 0.106436 0.118619 0.107124 0.117665 0.107365 0.116711 0.107124 0.115903 0.106436 0.115362 0.105407 0.115172 0.104192 0.115362 0.102978 0.115903 0.101949 0.116711 0.101261 0.117665 0.101019 0.118619 0.101261 0.119428 0.101949 0.119968 0.102978
0 0.114670 0.104365 0.114480 0.105642 0.113939 0.106725 0.113131 0.107448 0.112177 0.107702 0.111223 0.107448 0.110414 0.106725 0.109874 0.105642 0.109684 0.104365 0.109874 0.103089 0.110414 0.102006 0.111223 0.101283 0.112177 0.101029 0.113131 0.101283 0.113939 0.102006 0.114480 0.103089
6 0.000000 0.049865 0.018700 0.063913 0.039799 0.077702 0.036853 0.096750 0.024095 0.120385 0.024095 0.153231 0.029986 0.186067 0.049124 0.199202 0.079052 0.220875 0.104569 0.217587 0.122234 0.186721 0.139899 0.170962 0.153635 0.140096 0.145783 0.109885 0.142349 0.084269 0.127141 0.065221 0.108491 0.048808 0.091810 0.061279 0.074634 0.046837 0.062859 0.024500 0.061609 0.000000 0.000000 0.000000