2 0.161509 0.054288 0.161280 0.056007 0.160629 0.057464 0.159655 0.058437 0.158506 0.058779 0.157357 0.058437 0.156382 0.057464 0.155731 0.056007 0.155503 0.054288 0.155731 0.052570 0.156382 0.051113 0.157357 0.050140 0.158506 0.049798 0.159655 0.050140 0.160629 0.051113 0.161280 0.052570
2 0.156566 0.055712 0.156324 0.057069 0.155634 0.058220 0.154601 0.058990 0.153384 0.059260 0.152166 0.058990 0.151133 0.058220 0.150443 0.057069 0.150201 0.055712 0.150443 0.054354 0.151133 0.053203 0.152166 0.052434 0.153384 0.052163 0.154601 0.052434 0.155634 0.053203 0.156324 0.054354
2 0.089763 0.162144 0.089494 0.163682 0.088728 0.164986 0.087581 0.165858 0.086228 0.166163 0.084876 0.165858 0.083729 0.164986 0.082963 0.163682 0.082694 0.162144 0.082963 0.160606 0.083729 0.159302 0.084876 0.158431 0.086228 0.158125 0.087581 0.158431 0.088728 0.159302 0.089494 0.160606
2 0.132177 0.112712 0.131934 0.114342 0.131245 0.115724 0.130212 0.116647 0.128994 0.116971 0.127776 0.116647 0.126744 0.115724 0.126054 0.114342 0.125812 0.112712 0.126054 0.111081 0.126744 0.109700 0.127776 0.108776 0.128994 0.108452 0.130212 0.108776 0.131245 0.109700 0.131934 0.111081
2 0.107083 0.072971 0.106828 0.074601 0.106101 0.075983 0.105012 0.076907 0.103728 0.077231 0.102445 0.076907 0.101356 0.075983 0.100629 0.074601 0.100374 0.072971 0.100629 0.071341 0.101356 0.069959 0.102445 0.069036 0.103728 0.068712 0.105012 0.069036 0.106101 0.069959 0.106828 0.071341
2 0.103901 0.066115 0.103659 0.067653 0.102969 0.068957 0.101936 0.069829 0.100718 0.070135 0.099501 0.069829 0.098468 0.068957 0.097778 0.067653 0.097536 0.066115 0.097778 0.064577 0.098468 0.063273 0.099501 0.062402 0.100718 0.062096 0.101936 0.062402 0.102969 0.063273 0.103659 0.064577
2 0.102493 0.058779 0.102251 0.060409 0.101561 0.061791 0.100528 0.062714 0.099310 0.063038 0.098092 0.062714 0.097060 0.061791 0.096370 0.060409 0.096128 0.058779 0.096370 0.057149 0.097060 0.055767 0.098092 0.054843 0.099310 0.054519 0.100528 0.054843 0.101561 0.055767 0.102251 0.057149
2 0.112385 0.079356 0.112130 0.081074 0.111402 0.082531 0.110314 0.083504 0.109030 0.083846 0.107746 0.083504 0.106658 0.082531 0.105931 0.081074 0.105675 0.079356 0.105931 0.077637 0.106658 0.076181 0.107746 0.075207 0.109030 0.074865 0.110314 0.075207 0.111402 0.076181 0.112130 0.077637
2 0.114864 0.073683 0.114621 0.075221 0.113931 0.076525 0.112899 0.077396 0.111681 0.077702 0.110463 0.077396 0.109431 0.076525 0.108741 0.075221 0.108499 0.073683 0.108741 0.072145 0.109431 0.070841 0.110463 0.069969 0.111681 0.069663 0.112899 0.069969 0.113931 0.070841 0.114621 0.072145
2 0.069267 0.089529 0.068998 0.091159 0.068232 0.092541 0.067085 0.093464 0.065733 0.093788 0.064380 0.093464 0.063234 0.092541 0.062467 0.091159 0.062198 0.089529 0.062467 0.087899 0.063234 0.086517 0.064380 0.085593 0.065733 0.085269 0.067085 0.085593 0.068232 0.086517 0.068998 0.087899
2 0.063614 0.089529 0.063398 0.090979 0.062784 0.092208 0.061866 0.093029 0.060783 0.093317 0.059700 0.093029 0.058782 0.092208 0.058168 0.090979 0.057953 0.089529 0.058168 0.088079 0.058782 0.086850 0.059700 0.086029 0.060783 0.085740 0.061866 0.086029 0.062784 0.086850 0.063398 0.088079
2 0.040991 0.178462 0.040776 0.179911 0.040162 0.181140 0.039244 0.181962 0.038161 0.182250 0.037078 0.181962 0.036159 0.181140 0.035546 0.179911 0.035330 0.178462 0.035546 0.177012 0.036159 0.175783 0.037078 0.174961 0.038161 0.174673 0.039244 0.174961 0.040162 0.175783 0.040776 0.177012
5 0.126782 0.107484 0.121128 0.106541 0.120596 0.112266 0.126249 0.113209
5 0.129044 0.118243 0.136817 0.131964 0.140252 0.128478 0.132479 0.114757
5 0.060947 0.002277 0.066028 0.007344 0.072614 0.020932 0.078619 0.026615 0.081108 0.021904 0.075682 0.017040 0.069175 0.003530 0.063593 0.000000
5 0.081979 0.161637 0.056533 0.191435 0.059372 0.195777 0.084817 0.165979
5 0.089009 0.159385 0.094310 0.149923 0.090862 0.146462 0.085560 0.155923
5 0.086585 0.156012 0.080456 0.144284 0.076269 0.132013 0.077685 0.125869 0.073565 0.124169 0.072209 0.132236 0.076683 0.146997 0.083041 0.159295
5 0.085147 0.158294 0.074977 0.146920 0.052714 0.135564 0.051179 0.140955 0.072812 0.151811 0.082353 0.162686
5 0.076175 0.147961 0.069818 0.129038 0.065886 0.131404 0.072244 0.150327
5 0.089384 0.163811 0.100083 0.166164 0.128445 0.158401 0.142935 0.149892 0.141203 0.144608 0.127151 0.152933 0.100034 0.160497 0.090142 0.158131
5 0.095491 0.163297 0.099026 0.177489 0.103115 0.175665 0.099580 0.161472
5 0.087831 0.164346 0.092421 0.170971 0.095582 0.167048 0.090991 0.160423
5 0.085130 0.167170 0.085489 0.192718 0.089798 0.192609 0.089439 0.167061
5 0.081307 0.165921 0.084410 0.181914 0.091831 0.197520 0.095468 0.194422 0.088319 0.179665 0.085489 0.164521
5 0.049339 0.107392 0.036264 0.125373 0.039353 0.129397 0.052428 0.111416
5 0.043496 0.115775 0.036427 0.152198 0.040599 0.153648 0.047668 0.117225
5 0.051702 0.116891 0.046291 0.137641 0.026462 0.152680 0.015959 0.165785 0.000000 0.172727 0.000643 0.178234 0.018050 0.170676 0.028968 0.157330 0.049362 0.141186 0.055727 0.118955
5 0.031201 0.150883 0.024843 0.142374 0.021795 0.146453 0.028153 0.154963
5 0.069614 0.069440 0.104952 0.002267 0.101427 0.000000 0.066090 0.066118
5 0.067401 0.075131 0.037298 0.055441 0.018369 0.057327 0.000000 0.057327 0.000000 0.063096 0.018529 0.063088 0.036493 0.060897 0.065473 0.080292
5 0.060524 0.066190 0.042852 0.043007 0.039835 0.047127 0.057507 0.070310
5 0.051559 0.052887 0.047460 0.032626 0.045243 0.030458 0.042950 0.010277 0.039056 0.000000 0.035139 0.001339 0.038859 0.011898 0.041585 0.032912 0.043843 0.035363 0.047378 0.054286
5 0.068944 0.069673 0.068944 0.050750 0.064634 0.050750 0.064634 0.069673
5 0.057358 0.062251 0.070432 0.044741 0.067384 0.040663 0.054309 0.058172
5 0.051191 0.095164 0.035194 0.096200 0.026006 0.087210 0.023462 0.091867 0.033967 0.101413 0.051280 0.100932
5 0.049873 0.094632 0.042477 0.088744 0.029754 0.082119 0.028191 0.087496 0.040587 0.093907 0.047656 0.099580
5 0.054723 0.087625 0.043384 0.086140 0.031622 0.096099 0.024209 0.107035 0.000000 0.130679 0.001229 0.135417 0.027027 0.111352 0.034353 0.100494 0.044221 0.091442 0.054113 0.093336
5 0.056422 0.080606 0.045108 0.069250 0.042522 0.073866 0.053836 0.085221
5 0.050908 0.076285 0.035003 0.072506 0.034250 0.078186 0.050155 0.081965
5 0.072814 0.082918 0.101090 0.076293 0.100347 0.070611 0.072071 0.077236
5 0.074284 0.079325 0.082417 0.068911 0.079437 0.064743 0.071305 0.075156
5 0.072460 0.087945 0.082000 0.098830 0.084796 0.094439 0.075256 0.083555
6 0.048060 0.107510 0.053714 0.118865 0.060783 0.109404 0.073506 0.106567 0.079159 0.096163 0.075625 0.081019 0.069260 0.074875 0.063254 0.062577 0.056537 0.064462 0.050180 0.068250 0.045582 0.079125 0.045934 0.093317
5 0.093426 0.099307 0.082119 0.135740 0.086099 0.137953 0.097407 0.101520
5 0.104957 0.106795 0.115560 0.127141 0.119095 0.123840 0.108492 0.103494
5 0.100060 0.085171 0.085922 0.073815 0.083704 0.078762 0.097842 0.090118
5 0.096591 0.093283 0.082805 0.092331 0.082583 0.098092 0.096369 0.099044
5 0.113601 0.066232 0.118551 0.052982 0.114696 0.050402 0.109746 0.063652
5 0.111992 0.060382 0.099981 0.038622 0.096514 0.042051 0.108525 0.063810
5 0.109088 0.056393 0.090001 0.053556 0.089525 0.059290 0.108613 0.062127
5 0.113586 0.075363 0.125461 0.074719 0.125286 0.068954 0.113411 0.069599
5 0.100961 0.119464 0.096923 0.141406 0.101108 0.142786 0.105146 0.120844
5 0.110498 0.110399 0.117323 0.097436 0.124035 0.091152 0.132431 0.087564 0.145261 0.094237 0.146822 0.088859 0.132654 0.082089 0.122268 0.085978 0.114366 0.093361 0.107002 0.107024
5 0.115073 0.095343 0.121962 0.100430 0.124044 0.095378 0.117154 0.090291
6 0.089511 0.097904 0.099016 0.105221 0.103290 0.112529 0.110172 0.111260 0.115402 0.100135 0.120862 0.092183 0.122047 0.080740 0.114928 0.065798 0.111128 0.060394 0.104476 0.057856 0.103053 0.065798 0.099490 0.071519 0.098297 0.082327