2 0.157601 0.035788 0.157393 0.037264 0.156803 0.038515 0.155920 0.039351 0.154878 0.039644 0.153836 0.039351 0.152953 0.038515 0.152362 0.037264 0.152155 0.035788 0.152362 0.034313 0.152953 0.033062 0.153836 0.032226 0.154878 0.031933 0.155920 0.032226 0.156803 0.033062 0.157393 0.034313
2 0.163046 0.037721 0.162827 0.039281 0.162202 0.040604 0.161268 0.041488 0.160165 0.041798 0.159063 0.041488 0.158128 0.040604 0.157504 0.039281 0.157284 0.037721 0.157504 0.036161 0.158128 0.034838 0.159063 0.033955 0.160165 0.033644 0.161268 0.033955 0.162202 0.034838 0.162827 0.036161
5 0.153029 0.038175 0.150325 0.048310 0.150641 0.060742 0.154948 0.060546 0.154492 0.049239 0.157057 0.040229
0 0.073341 0.217394 0.073097 0.219282 0.072402 0.220882 0.071363 0.221951 0.070136 0.222327 0.068910 0.221951 0.067871 0.220882 0.067176 0.219282 0.066932 0.217394 0.067176 0.215507 0.067871 0.213906 0.068910 0.212837 0.070136 0.212462 0.071363 0.212837 0.072402 0.213906 0.073097 0.215507
0 0.043549 0.198740 0.043354 0.200054 0.042798 0.201168 0.041966 0.201912 0.040984 0.202173 0.040003 0.201912 0.039171 0.201168 0.038615 0.200054 0.038420 0.198740 0.038615 0.197427 0.039171 0.196313 0.040003 0.195569 0.040984 0.195308 0.041966 0.195569 0.042798 0.196313 0.043354 0.197427
0 0.037457 0.180942 0.037213 0.182337 0.036518 0.183519 0.035479 0.184309 0.034253 0.184587 0.033027 0.184309 0.031987 0.183519 0.031293 0.182337 0.031049 0.180942 0.031293 0.179548 0.031987 0.178365 0.033027 0.177575 0.034253 0.177298 0.035479 0.177575 0.036518 0.178365 0.037213 0.179548
0 0.075582 0.190163 0.075387 0.191312 0.074831 0.192285 0.073999 0.192935 0.073017 0.193163 0.072036 0.192935 0.071204 0.192285 0.070648 0.191312 0.070453 0.190163 0.070648 0.189015 0.071204 0.188042 0.072036 0.187392 0.073017 0.187163 0.073999 0.187392 0.074831 0.188042 0.075387 0.189015
0 0.071099 0.188231 0.070892 0.189460 0.070302 0.190502 0.069418 0.191198 0.068376 0.191442 0.067335 0.191198 0.066451 0.190502 0.065861 0.189460 0.065654 0.188231 0.065861 0.187002 0.066451 0.185960 0.067335 0.185264 0.068376 0.185019 0.069418 0.185264 0.070302 0.185960 0.070892 0.187002
0 0.119476 0.193163 0.119280 0.194477 0.118724 0.195591 0.117892 0.196335 0.116911 0.196596 0.115929 0.196335 0.115097 0.195591 0.114541 0.194477 0.114346 0.193163 0.114541 0.191850 0.115097 0.190736 0.115929 0.189992 0.116911 0.189731 0.117892 0.189992 0.118724 0.190736 0.119280 0.191850
0 0.132292 0.183087 0.132096 0.184316 0.131540 0.185357 0.130708 0.186054 0.129727 0.186298 0.128746 0.186054 0.127914 0.185357 0.127358 0.184316 0.127162 0.183087 0.127358 0.181858 0.127914 0.180816 0.128746 0.180119 0.129727 0.179875 0.130708 0.180119 0.131540 0.180816 0.132096 0.181858
0 0.098966 0.183298 0.098783 0.184446 0.098263 0.185419 0.097484 0.186070 0.096566 0.186298 0.095648 0.186070 0.094869 0.185419 0.094349 0.184446 0.094167 0.183298 0.094349 0.182150 0.094869 0.181177 0.095648 0.180526 0.096566 0.180298 0.097484 0.180526 0.098263 0.181177 0.098783 0.182150
0 0.017277 0.153279 0.017082 0.154427 0.016526 0.155400 0.015694 0.156050 0.014713 0.156279 0.013731 0.156050 0.012899 0.155400 0.012343 0.154427 0.012148 0.153279 0.012343 0.152131 0.012899 0.151158 0.013731 0.150507 0.014713 0.150279 0.015694 0.150507 0.016526 0.151158 0.017082 0.152131
0 0.007335 0.099683 0.007152 0.100831 0.006632 0.101804 0.005854 0.102454 0.004935 0.102683 0.004017 0.102454 0.003239 0.101804 0.002719 0.100831 0.002536 0.099683 0.002719 0.098535 0.003239 0.097561 0.004017 0.096911 0.004935 0.096683 0.005854 0.096911 0.006632 0.097561 0.007152 0.098535
0 0.019195 0.077808 0.019013 0.079283 0.018493 0.080534 0.017714 0.081370 0.016796 0.081663 0.015878 0.081370 0.015099 0.080534 0.014579 0.079283 0.014397 0.077808 0.014579 0.076332 0.015099 0.075081 0.015878 0.074245 0.016796 0.073952 0.017714 0.074245 0.018493 0.075081 0.019013 0.076332
0 0.025280 0.120260 0.025061 0.121573 0.024436 0.122687 0.023502 0.123431 0.022399 0.123692 0.021297 0.123431 0.020362 0.122687 0.019738 0.121573 0.019519 0.120260 0.019738 0.118946 0.020362 0.117832 0.021297 0.117088 0.022399 0.116827 0.023502 0.117088 0.024436 0.117832 0.025061 0.118946
0 0.028484 0.109971 0.028302 0.111285 0.027781 0.112398 0.027003 0.113143 0.026085 0.113404 0.025167 0.113143 0.024388 0.112398 0.023868 0.111285 0.023685 0.109971 0.023868 0.108658 0.024388 0.107544 0.025167 0.106800 0.026085 0.106538 0.027003 0.106800 0.027781 0.107544 0.028302 0.108658
0 0.032328 0.101606 0.032108 0.102835 0.031484 0.103877 0.030549 0.104573 0.029447 0.104817 0.028344 0.104573 0.027410 0.103877 0.026785 0.102835 0.026566 0.101606 0.026785 0.100377 0.027410 0.099335 0.028344 0.098639 0.029447 0.098394 0.030549 0.098639 0.031484 0.099335 0.032108 0.100377
0 0.036494 0.099250 0.036312 0.100236 0.035791 0.101072 0.035013 0.101631 0.034095 0.101827 0.033177 0.101631 0.032398 0.101072 0.031878 0.100236 0.031695 0.099250 0.031878 0.098264 0.032398 0.097428 0.033177 0.096869 0.034095 0.096673 0.035013 0.096869 0.035791 0.097428 0.036312 0.098264
0 0.138700 0.036000 0.138529 0.037067 0.138043 0.037972 0.137316 0.038576 0.136458 0.038788 0.135601 0.038576 0.134873 0.037972 0.134388 0.037067 0.134217 0.036000 0.134388 0.034933 0.134873 0.034028 0.135601 0.033424 0.136458 0.033212 0.137316 0.033424 0.138043 0.034028 0.138529 0.034933
0 0.116272 0.036644 0.116052 0.037792 0.115428 0.038766 0.114493 0.039416 0.113391 0.039644 0.112288 0.039416 0.111354 0.038766 0.110729 0.037792 0.110510 0.036644 0.110729 0.035496 0.111354 0.034523 0.112288 0.033873 0.113391 0.033644 0.114493 0.033873 0.115428 0.034523 0.116052 0.035496
0 0.141264 0.069663 0.141118 0.070977 0.140700 0.072091 0.140076 0.072835 0.139339 0.073096 0.138602 0.072835 0.137978 0.072091 0.137560 0.070977 0.137414 0.069663 0.137560 0.068350 0.137978 0.067236 0.138602 0.066492 0.139339 0.066231 0.140076 0.066492 0.140700 0.067236 0.141118 0.068350
0 0.149591 0.069663 0.149432 0.070977 0.148980 0.072091 0.148304 0.072835 0.147507 0.073096 0.146710 0.072835 0.146034 0.072091 0.145582 0.070977 0.145424 0.069663 0.145582 0.068350 0.146034 0.067236 0.146710 0.066492 0.147507 0.066231 0.148304 0.066492 0.148980 0.067236 0.149432 0.068350
0 0.168815 0.054010 0.168644 0.055239 0.168158 0.056281 0.167431 0.056977 0.166573 0.057221 0.165716 0.056977 0.164988 0.056281 0.164503 0.055239 0.164332 0.054010 0.164503 0.052781 0.164988 0.051739 0.165716 0.051043 0.166573 0.050798 0.167431 0.051043 0.168158 0.051739 0.168644 0.052781
0 0.170733 0.096038 0.170562 0.097599 0.170076 0.098921 0.169349 0.099805 0.168491 0.100115 0.167634 0.099805 0.166906 0.098921 0.166421 0.097599 0.166250 0.096038 0.166421 0.094478 0.166906 0.093156 0.167634 0.092272 0.168491 0.091962 0.169349 0.092272 0.170076 0.093156 0.170562 0.094478
0 0.146386 0.085740 0.146216 0.087135 0.145730 0.088317 0.145003 0.089107 0.144145 0.089385 0.143287 0.089107 0.142560 0.088317 0.142074 0.087135 0.141904 0.085740 0.142074 0.084346 0.142560 0.083164 0.143287 0.082374 0.144145 0.082096 0.145003 0.082374 0.145730 0.083164 0.146216 0.084346
0 0.175546 0.019702 0.175387 0.020931 0.174936 0.021973 0.174260 0.022669 0.173463 0.022913 0.172665 0.022669 0.171990 0.021973 0.171538 0.020931 0.171379 0.019702 0.171538 0.018473 0.171990 0.017431 0.172665 0.016735 0.173463 0.016490 0.174260 0.016735 0.174936 0.017431 0.175387 0.018473
0 0.116918 0.059375 0.116735 0.060689 0.116213 0.061802 0.115432 0.062546 0.114511 0.062808 0.113591 0.062546 0.112810 0.061802 0.112288 0.060689 0.112105 0.059375 0.112288 0.058061 0.112810 0.056948 0.113591 0.056204 0.114511 0.055942 0.115432 0.056204 0.116213 0.056948 0.116735 0.058061
0 0.125884 0.048010 0.125688 0.049404 0.125132 0.050586 0.124300 0.051376 0.123319 0.051654 0.122338 0.051376 0.121505 0.050586 0.120950 0.049404 0.120754 0.048010 0.120950 0.046615 0.121505 0.045433 0.122338 0.044643 0.123319 0.044365 0.124300 0.044643 0.125132 0.045433 0.125688 0.046615
0 0.129727 0.085962 0.129495 0.087110 0.128835 0.088083 0.127847 0.088733 0.126681 0.088962 0.125515 0.088733 0.124527 0.088083 0.123867 0.087110 0.123635 0.085962 0.123867 0.084813 0.124527 0.083840 0.125515 0.083190 0.126681 0.082962 0.127847 0.083190 0.128835 0.083840 0.129495 0.084813
0 0.128448 0.117048 0.128253 0.118277 0.127697 0.119319 0.126865 0.120015 0.125884 0.120260 0.124902 0.120015 0.124070 0.119319 0.123514 0.118277 0.123319 0.117048 0.123514 0.115819 0.124070 0.114777 0.124902 0.114081 0.125884 0.113837 0.126865 0.114081 0.127697 0.114777 0.128253 0.115819
0 0.129727 0.102471 0.129532 0.103700 0.128976 0.104742 0.128144 0.105438 0.127162 0.105683 0.126181 0.105438 0.125349 0.104742 0.124793 0.103700 0.124598 0.102471 0.124793 0.101242 0.125349 0.100200 0.126181 0.099504 0.127162 0.099260 0.128144 0.099504 0.128976 0.100200 0.129532 0.101242
0 0.138060 0.104394 0.137865 0.105542 0.137309 0.106516 0.136477 0.107166 0.135496 0.107394 0.134514 0.107166 0.133682 0.106516 0.133126 0.105542 0.132931 0.104394 0.133126 0.103246 0.133682 0.102273 0.134514 0.101623 0.135496 0.101394 0.136477 0.101623 0.137309 0.102273 0.137865 0.103246
0 0.133254 0.095817 0.133047 0.096965 0.132457 0.097939 0.131574 0.098589 0.130532 0.098817 0.129490 0.098589 0.128606 0.097939 0.128016 0.096965 0.127809 0.095817 0.128016 0.094669 0.128606 0.093696 0.129490 0.093046 0.130532 0.092817 0.131574 0.093046 0.132457 0.093696 0.133047 0.094669
0 0.106983 0.093462 0.106739 0.094691 0.106044 0.095732 0.105005 0.096429 0.103779 0.096673 0.102553 0.096429 0.101513 0.095732 0.100819 0.094691 0.100575 0.093462 0.100819 0.092233 0.101513 0.091191 0.102553 0.090494 0.103779 0.090250 0.105005 0.090494 0.106044 0.091191 0.106739 0.092233
0 0.119152 0.103538 0.118970 0.104687 0.118450 0.105660 0.117671 0.106310 0.116753 0.106538 0.115835 0.106310 0.115056 0.105660 0.114536 0.104687 0.114353 0.103538 0.114536 0.102390 0.115056 0.101417 0.115835 0.100767 0.116753 0.100538 0.117671 0.100767 0.118450 0.101417 0.118970 0.102390
0 0.055079 0.074163 0.054872 0.075558 0.054282 0.076740 0.053398 0.077530 0.052356 0.077808 0.051314 0.077530 0.050431 0.076740 0.049841 0.075558 0.049634 0.074163 0.049841 0.072769 0.050431 0.071587 0.051314 0.070797 0.052356 0.070519 0.053398 0.070797 0.054282 0.071587 0.054872 0.072769
0 0.018872 0.046933 0.018665 0.048408 0.018075 0.049659 0.017191 0.050495 0.016149 0.050788 0.015107 0.050495 0.014224 0.049659 0.013634 0.048408 0.013427 0.046933 0.013634 0.045457 0.014224 0.044206 0.015107 0.043370 0.016149 0.043077 0.017191 0.043370 0.018075 0.044206 0.018665 0.045457
0 0.080122 0.033625 0.079955 0.035034 0.079478 0.036229 0.078765 0.037027 0.077924 0.037308 0.077083 0.037027 0.076369 0.036229 0.075893 0.035034 0.075726 0.033625 0.075893 0.032216 0.076369 0.031021 0.077083 0.030223 0.077924 0.029942 0.078765 0.030223 0.079478 0.031021 0.079955 0.032216
0 0.117529 0.024298 0.117278 0.025332 0.116563 0.026209 0.115493 0.026794 0.114231 0.027000 0.112969 0.026794 0.111900 0.026209 0.111185 0.025332 0.110934 0.024298 0.111185 0.023264 0.111900 0.022388 0.112969 0.021802 0.114231 0.021596 0.115493 0.021802 0.116563 0.022388 0.117278 0.023264
0 0.111300 0.024788 0.111161 0.025635 0.110764 0.026352 0.110169 0.026832 0.109468 0.027000 0.108767 0.026832 0.108173 0.026352 0.107776 0.025635 0.107636 0.024788 0.107776 0.023942 0.108173 0.023225 0.108767 0.022745 0.109468 0.022577 0.110169 0.022745 0.110764 0.023225 0.111161 0.023942
0 0.150546 0.006625 0.150379 0.007847 0.149902 0.008882 0.149189 0.009574 0.148348 0.009817 0.147506 0.009574 0.146793 0.008882 0.146317 0.007847 0.146149 0.006625 0.146317 0.005403 0.146793 0.004368 0.147506 0.003676 0.148348 0.003433 0.149189 0.003676 0.149902 0.004368 0.150379 0.005403
0 0.153843 0.019885 0.153648 0.021482 0.153092 0.022835 0.152260 0.023740 0.151279 0.024058 0.150297 0.023740 0.149465 0.022835 0.148909 0.021482 0.148714 0.019885 0.148909 0.018288 0.149465 0.016934 0.150297 0.016029 0.151279 0.015712 0.152260 0.016029 0.153092 0.016934 0.153648 0.018288
0 0.157881 0.013250 0.157601 0.014939 0.156806 0.016371 0.155615 0.017328 0.154210 0.017663 0.152805 0.017328 0.151614 0.016371 0.150818 0.014939 0.150539 0.013250 0.150818 0.011561 0.151614 0.010129 0.152805 0.009172 0.154210 0.008837 0.155615 0.009172 0.156806 0.010129 0.157601 0.011561
0 0.152011 0.050567 0.151844 0.051881 0.151368 0.052995 0.150654 0.053739 0.149813 0.054000 0.148972 0.053739 0.148259 0.052995 0.147782 0.051881 0.147615 0.050567 0.147782 0.049254 0.148259 0.048140 0.148972 0.047396 0.149813 0.047135 0.150654 0.047396 0.151368 0.048140 0.151844 0.049254
0 0.152011 0.059154 0.151830 0.060375 0.151313 0.061411 0.150539 0.062103 0.149626 0.062346 0.148714 0.062103 0.147940 0.061411 0.147423 0.060375 0.147241 0.059154 0.147423 0.057932 0.147940 0.056897 0.148714 0.056205 0.149626 0.055962 0.150539 0.056205 0.151313 0.056897 0.151830 0.057932
0 0.147615 0.059894 0.147433 0.061020 0.146916 0.061975 0.146143 0.062613 0.145230 0.062837 0.144317 0.062613 0.143543 0.061975 0.143026 0.061020 0.142845 0.059894 0.143026 0.058768 0.143543 0.057814 0.144317 0.057176 0.145230 0.056952 0.146143 0.057176 0.146916 0.057814 0.147433 0.058768
0 0.143822 0.057731 0.143717 0.058434 0.143420 0.059029 0.142975 0.059428 0.142450 0.059567 0.141925 0.059428 0.141479 0.059029 0.141182 0.058434 0.141078 0.057731 0.141182 0.057028 0.141479 0.056432 0.141925 0.056034 0.142450 0.055894 0.142975 0.056034 0.143420 0.056432 0.143717 0.057028
0 0.147536 0.054327 0.147350 0.055530 0.146821 0.056550 0.146028 0.057232 0.145093 0.057471 0.144159 0.057232 0.143366 0.056550 0.142837 0.055530 0.142651 0.054327 0.142837 0.053124 0.143366 0.052104 0.144159 0.051422 0.145093 0.051183 0.146028 0.051422 0.146821 0.052104 0.147350 0.053124
0 0.144605 0.046990 0.144441 0.047991 0.143974 0.048840 0.143274 0.049407 0.142450 0.049606 0.141625 0.049407 0.140926 0.048840 0.140459 0.047991 0.140295 0.046990 0.140459 0.045990 0.140926 0.045141 0.141625 0.044574 0.142450 0.044375 0.143274 0.044574 0.143974 0.045141 0.144441 0.045990
0 0.141868 0.052356 0.141667 0.053309 0.141094 0.054117 0.140236 0.054657 0.139224 0.054846 0.138212 0.054657 0.137355 0.054117 0.136782 0.053309 0.136580 0.052356 0.136782 0.051403 0.137355 0.050595 0.138212 0.050055 0.139224 0.049865 0.140236 0.050055 0.141094 0.050595 0.141667 0.051403
0 0.136386 0.051308 0.136193 0.052261 0.135642 0.053069 0.134817 0.053609 0.133843 0.053798 0.132870 0.053609 0.132045 0.053069 0.131494 0.052261 0.131300 0.051308 0.131494 0.050355 0.132045 0.049547 0.132870 0.049007 0.133843 0.048817 0.134817 0.049007 0.135642 0.049547 0.136193 0.050355
0 0.151566 0.080587 0.151359 0.081871 0.150771 0.082959 0.149890 0.083687 0.148851 0.083942 0.147811 0.083687 0.146930 0.082959 0.146342 0.081871 0.146135 0.080587 0.146342 0.079302 0.146930 0.078214 0.147811 0.077486 0.148851 0.077231 0.149890 0.077486 0.150771 0.078214 0.151359 0.079302
0 0.146968 0.078067 0.146682 0.079458 0.145866 0.080637 0.144645 0.081425 0.143204 0.081702 0.141763 0.081425 0.140542 0.080637 0.139726 0.079458 0.139440 0.078067 0.139726 0.076676 0.140542 0.075497 0.141763 0.074709 0.143204 0.074433 0.144645 0.074709 0.145866 0.075497 0.146682 0.076676
0 0.114353 0.070231 0.114114 0.071408 0.113434 0.072406 0.112415 0.073073 0.111214 0.073308 0.110013 0.073073 0.108994 0.072406 0.108314 0.071408 0.108075 0.070231 0.108314 0.069053 0.108994 0.068055 0.110013 0.067388 0.111214 0.067154 0.112415 0.067388 0.113434 0.068055 0.114114 0.069053
0 0.120833 0.067846 0.120547 0.069079 0.119731 0.070124 0.118510 0.070822 0.117069 0.071067 0.115628 0.070822 0.114407 0.070124 0.113591 0.069079 0.113305 0.067846 0.113591 0.066613 0.114407 0.065568 0.115628 0.064870 0.117069 0.064625 0.118510 0.064870 0.119731 0.065568 0.120547 0.066613
0 0.099504 0.061827 0.099289 0.063325 0.098677 0.064594 0.097761 0.065442 0.096681 0.065740 0.095601 0.065442 0.094685 0.064594 0.094073 0.063325 0.093858 0.061827 0.094073 0.060329 0.094685 0.059060 0.095601 0.058211 0.096681 0.057913 0.097761 0.058211 0.098677 0.059060 0.099289 0.060329
0 0.095532 0.056510 0.095388 0.057474 0.094980 0.058291 0.094370 0.058837 0.093649 0.059029 0.092929 0.058837 0.092319 0.058291 0.091911 0.057474 0.091767 0.056510 0.091911 0.055546 0.092319 0.054728 0.092929 0.054182 0.093649 0.053990 0.094370 0.054182 0.094980 0.054728 0.095388 0.055546
0 0.097622 0.052173 0.097455 0.053192 0.096978 0.054056 0.096265 0.054634 0.095424 0.054837 0.094583 0.054634 0.093869 0.054056 0.093393 0.053192 0.093226 0.052173 0.093393 0.051154 0.093869 0.050290 0.094583 0.049712 0.095424 0.049510 0.096265 0.049712 0.096978 0.050290 0.097455 0.051154
0 0.102004 0.048962 0.101782 0.050032 0.101148 0.050940 0.100199 0.051547 0.099080 0.051760 0.097962 0.051547 0.097013 0.050940 0.096379 0.050032 0.096157 0.048962 0.096379 0.047891 0.097013 0.046983 0.097962 0.046376 0.099080 0.046163 0.100199 0.046376 0.101148 0.046983 0.101782 0.047891
0 0.095316 0.085202 0.095157 0.086328 0.094704 0.087282 0.094026 0.087920 0.093226 0.088144 0.092426 0.087920 0.091747 0.087282 0.091294 0.086328 0.091135 0.085202 0.091294 0.084076 0.091747 0.083121 0.092426 0.082484 0.093226 0.082260 0.094026 0.082484 0.094704 0.083121 0.095157 0.084076
0 0.097205 0.092058 0.097022 0.093449 0.096501 0.094628 0.095720 0.095416 0.094799 0.095692 0.093878 0.095416 0.093097 0.094628 0.092575 0.093449 0.092392 0.092058 0.092575 0.090667 0.093097 0.089488 0.093878 0.088700 0.094799 0.088423 0.095720 0.088700 0.096501 0.089488 0.097022 0.090667
0 0.035129 0.143904 0.035004 0.145265 0.034645 0.146420 0.034109 0.147191 0.033477 0.147462 0.032845 0.147191 0.032309 0.146420 0.031950 0.145265 0.031825 0.143904 0.031950 0.142542 0.032309 0.141388 0.032845 0.140617 0.033477 0.140346 0.034109 0.140617 0.034645 0.141388 0.035004 0.142542
0 0.034210 0.137644 0.034063 0.138958 0.033646 0.140072 0.033021 0.140816 0.032284 0.141077 0.031548 0.140816 0.030923 0.140072 0.030506 0.138958 0.030359 0.137644 0.030506 0.136331 0.030923 0.135217 0.031548 0.134473 0.032284 0.134212 0.033021 0.134473 0.033646 0.135217 0.034063 0.136331
0 0.044662 0.146231 0.044502 0.147357 0.044044 0.148311 0.043359 0.148949 0.042550 0.149173 0.041742 0.148949 0.041057 0.148311 0.040599 0.147357 0.040438 0.146231 0.040599 0.145105 0.041057 0.144150 0.041742 0.143512 0.042550 0.143288 0.043359 0.143512 0.044044 0.144150 0.044502 0.145105
0 0.038247 0.121933 0.038073 0.123059 0.037576 0.124013 0.036832 0.124651 0.035955 0.124875 0.035078 0.124651 0.034335 0.124013 0.033838 0.123059 0.033664 0.121933 0.033838 0.120807 0.034335 0.119852 0.035078 0.119214 0.035955 0.118990 0.036832 0.119214 0.037576 0.119852 0.038073 0.120807
0 0.072134 0.090413 0.071973 0.091536 0.071517 0.092487 0.070834 0.093123 0.070029 0.093346 0.069223 0.093123 0.068540 0.092487 0.068084 0.091536 0.067924 0.090413 0.068084 0.089291 0.068540 0.088340 0.069223 0.087704 0.070029 0.087481 0.070834 0.087704 0.071517 0.088340 0.071973 0.089291
0 0.068894 0.086942 0.068696 0.087899 0.068134 0.088710 0.067293 0.089252 0.066300 0.089442 0.065308 0.089252 0.064466 0.088710 0.063904 0.087899 0.063707 0.086942 0.063904 0.085986 0.064466 0.085175 0.065308 0.084633 0.066300 0.084442 0.067293 0.084633 0.068134 0.085175 0.068696 0.085986
0 0.064353 0.087163 0.064224 0.088120 0.063855 0.088931 0.063302 0.089473 0.062651 0.089663 0.061999 0.089473 0.061447 0.088931 0.061078 0.088120 0.060948 0.087163 0.061078 0.086207 0.061447 0.085396 0.061999 0.084854 0.062651 0.084663 0.063302 0.084854 0.063855 0.085396 0.064224 0.086207
0 0.051379 0.093231 0.051157 0.094187 0.050525 0.094999 0.049579 0.095540 0.048463 0.095731 0.047346 0.095540 0.046400 0.094999 0.045768 0.094187 0.045546 0.093231 0.045768 0.092274 0.046400 0.091463 0.047346 0.090921 0.048463 0.090731 0.049579 0.090921 0.050525 0.091463 0.051157 0.092274
0 0.061430 0.091827 0.061269 0.092905 0.060813 0.093819 0.060130 0.094430 0.059325 0.094644 0.058519 0.094430 0.057836 0.093819 0.057380 0.092905 0.057220 0.091827 0.057380 0.090749 0.057836 0.089835 0.058519 0.089224 0.059325 0.089010 0.060130 0.089224 0.060813 0.089835 0.061269 0.090749
0 0.058355 0.090413 0.058213 0.091120 0.057808 0.091719 0.057202 0.092119 0.056487 0.092260 0.055772 0.092119 0.055166 0.091719 0.054761 0.091120 0.054619 0.090413 0.054761 0.089707 0.055166 0.089108 0.055772 0.088708 0.056487 0.088567 0.057202 0.088708 0.057808 0.089108 0.058213 0.089707
0 0.055280 0.088788 0.055138 0.089535 0.054733 0.090169 0.054127 0.090592 0.053412 0.090740 0.052698 0.090592 0.052092 0.090169 0.051687 0.089535 0.051545 0.088788 0.051687 0.088041 0.052092 0.087408 0.052698 0.086985 0.053412 0.086837 0.054127 0.086985 0.054733 0.087408 0.055138 0.088041
0 0.046193 0.086077 0.046020 0.087115 0.045528 0.087994 0.044791 0.088582 0.043922 0.088788 0.043054 0.088582 0.042317 0.087994 0.041825 0.087115 0.041652 0.086077 0.041825 0.085039 0.042317 0.084160 0.043054 0.083572 0.043922 0.083365 0.044791 0.083572 0.045528 0.084160 0.046020 0.085039
0 0.042622 0.082923 0.042376 0.083920 0.041673 0.084766 0.040622 0.085330 0.039382 0.085529 0.038142 0.085330 0.037091 0.084766 0.036389 0.083920 0.036142 0.082923 0.036389 0.081926 0.037091 0.081081 0.038142 0.080516 0.039382 0.080317 0.040622 0.080516 0.041673 0.081081 0.042376 0.081926
0 0.136372 0.005452 0.136185 0.006865 0.135650 0.008063 0.134851 0.008863 0.133908 0.009144 0.132965 0.008863 0.132166 0.008063 0.131632 0.006865 0.131444 0.005452 0.131632 0.004039 0.132166 0.002841 0.132965 0.002041 0.133908 0.001760 0.134851 0.002041 0.135650 0.002841 0.136185 0.004039
0 0.077198 0.078048 0.076988 0.079163 0.076390 0.080108 0.075495 0.080740 0.074440 0.080962 0.073384 0.080740 0.072489 0.080108 0.071891 0.079163 0.071681 0.078048 0.071891 0.076933 0.072489 0.075988 0.073384 0.075356 0.074440 0.075135 0.075495 0.075356 0.076390 0.075988 0.076988 0.076933
0 0.071976 0.074942 0.071755 0.076502 0.071126 0.077825 0.070184 0.078709 0.069073 0.079019 0.067963 0.078709 0.067021 0.077825 0.066392 0.076502 0.066171 0.074942 0.066392 0.073382 0.067021 0.072059 0.067963 0.071176 0.069073 0.070865 0.070184 0.071176 0.071126 0.072059 0.071755 0.073382
0 0.078068 0.072029 0.077902 0.073365 0.077430 0.074497 0.076724 0.075254 0.075891 0.075519 0.075058 0.075254 0.074352 0.074497 0.073880 0.073365 0.073714 0.072029 0.073880 0.070693 0.074352 0.069561 0.075058 0.068804 0.075891 0.068538 0.076724 0.068804 0.077430 0.069561 0.077902 0.070693
0 0.080381 0.066596 0.080182 0.067785 0.079617 0.068792 0.078771 0.069466 0.077773 0.069702 0.076775 0.069466 0.075929 0.068792 0.075364 0.067785 0.075165 0.066596 0.075364 0.065408 0.075929 0.064400 0.076775 0.063727 0.077773 0.063490 0.078771 0.063727 0.079617 0.064400 0.080182 0.065408
0 0.082996 0.054952 0.082797 0.057031 0.082232 0.058793 0.081386 0.059971 0.080388 0.060385 0.079390 0.059971 0.078544 0.058793 0.077979 0.057031 0.077780 0.054952 0.077979 0.052873 0.078544 0.051110 0.079390 0.049933 0.080388 0.049519 0.081386 0.049933 0.082232 0.051110 0.082797 0.052873
0 0.086480 0.048933 0.086303 0.050048 0.085800 0.050993 0.085047 0.051624 0.084159 0.051846 0.083272 0.051624 0.082519 0.050993 0.082016 0.050048 0.081839 0.048933 0.082016 0.047818 0.082519 0.046873 0.083272 0.046241 0.084159 0.046019 0.085047 0.046241 0.085800 0.046873 0.086303 0.047818
0 0.055726 0.015538 0.055538 0.016503 0.055004 0.017320 0.054204 0.017866 0.053261 0.018058 0.052319 0.017866 0.051519 0.017320 0.050985 0.016503 0.050797 0.015538 0.050985 0.014574 0.051519 0.013757 0.052319 0.013211 0.053261 0.013019 0.054204 0.013211 0.055004 0.013757 0.055538 0.014574
0 0.061243 0.017875 0.060978 0.018839 0.060222 0.019656 0.059092 0.020202 0.057759 0.020394 0.056425 0.020202 0.055295 0.019656 0.054540 0.018839 0.054274 0.017875 0.054540 0.016911 0.055295 0.016094 0.056425 0.015548 0.057759 0.015356 0.059092 0.015548 0.060222 0.016094 0.060978 0.016911
0 0.031501 0.081279 0.031332 0.082305 0.030849 0.083176 0.030127 0.083757 0.029274 0.083962 0.028422 0.083757 0.027700 0.083176 0.027217 0.082305 0.027047 0.081279 0.027217 0.080252 0.027700 0.079382 0.028422 0.078800 0.029274 0.078596 0.030127 0.078800 0.030849 0.079382 0.031332 0.080252
0 0.035057 0.078010 0.034875 0.079014 0.034355 0.079866 0.033576 0.080435 0.032658 0.080635 0.031740 0.080435 0.030961 0.079866 0.030441 0.079014 0.030259 0.078010 0.030441 0.077005 0.030961 0.076153 0.031740 0.075584 0.032658 0.075385 0.033576 0.075584 0.034355 0.076153 0.034875 0.077005
0 0.038420 0.074529 0.038212 0.075636 0.037622 0.076575 0.036739 0.077203 0.035697 0.077423 0.034655 0.077203 0.033772 0.076575 0.033181 0.075636 0.032974 0.074529 0.033181 0.073421 0.033772 0.072482 0.034655 0.071855 0.035697 0.071635 0.036739 0.071855 0.037622 0.072482 0.038212 0.073421
0 0.075266 0.183692 0.075072 0.184594 0.074519 0.185358 0.073691 0.185869 0.072716 0.186048 0.071740 0.185869 0.070912 0.185358 0.070359 0.184594 0.070165 0.183692 0.070359 0.182791 0.070912 0.182027 0.071740 0.181516 0.072716 0.181337 0.073691 0.181516 0.074519 0.182027 0.075072 0.182791
0 0.071746 0.179808 0.071544 0.180845 0.070971 0.181725 0.070114 0.182313 0.069102 0.182519 0.068090 0.182313 0.067233 0.181725 0.066660 0.180845 0.066458 0.179808 0.066660 0.178770 0.067233 0.177890 0.068090 0.177303 0.069102 0.177096 0.070114 0.177303 0.070971 0.177890 0.071544 0.178770
0 0.053233 0.037192 0.053057 0.038248 0.052557 0.039144 0.051809 0.039742 0.050927 0.039952 0.050044 0.039742 0.049296 0.039144 0.048796 0.038248 0.048621 0.037192 0.048796 0.036136 0.049296 0.035241 0.050044 0.034643 0.050927 0.034433 0.051809 0.034643 0.052557 0.035241 0.053057 0.036136
0 0.052011 0.025346 0.051818 0.026340 0.051267 0.027182 0.050442 0.027745 0.049468 0.027942 0.048495 0.027745 0.047670 0.027182 0.047119 0.026340 0.046925 0.025346 0.047119 0.024353 0.047670 0.023510 0.048495 0.022948 0.049468 0.022750 0.050442 0.022948 0.051267 0.023510 0.051818 0.024353
0 0.064626 0.010750 0.064451 0.011618 0.063951 0.012355 0.063203 0.012846 0.062320 0.013019 0.061438 0.012846 0.060690 0.012355 0.060190 0.011618 0.060014 0.010750 0.060190 0.009882 0.060690 0.009145 0.061438 0.008654 0.062320 0.008481 0.063203 0.008654 0.063951 0.009145 0.064451 0.009882
0 0.060014 0.009615 0.059728 0.010546 0.058914 0.011336 0.057695 0.011863 0.056257 0.012048 0.054819 0.011863 0.053600 0.011336 0.052786 0.010546 0.052500 0.009615 0.052786 0.008684 0.053600 0.007895 0.054819 0.007368 0.056257 0.007183 0.057695 0.007368 0.058914 0.007895 0.059728 0.008684
0 0.098556 0.033788 0.098372 0.034782 0.097847 0.035624 0.097062 0.036187 0.096135 0.036385 0.095209 0.036187 0.094423 0.035624 0.093898 0.034782 0.093714 0.033788 0.093898 0.032795 0.094423 0.031953 0.095209 0.031390 0.096135 0.031192 0.097062 0.031390 0.097847 0.031953 0.098372 0.032795
0 0.100014 0.031029 0.099876 0.031835 0.099482 0.032518 0.098892 0.032974 0.098197 0.033135 0.097501 0.032974 0.096912 0.032518 0.096518 0.031835 0.096379 0.031029 0.096518 0.030223 0.096912 0.029540 0.097501 0.029083 0.098197 0.028923 0.098892 0.029083 0.099482 0.029540 0.099876 0.030223
0 0.096861 0.039135 0.096639 0.040066 0.096008 0.040855 0.095065 0.041382 0.093951 0.041567 0.092838 0.041382 0.091894 0.040855 0.091263 0.040066 0.091042 0.039135 0.091263 0.038204 0.091894 0.037414 0.092838 0.036887 0.093951 0.036702 0.095065 0.036887 0.096008 0.037414 0.096639 0.038204
0 0.075524 0.050817 0.075340 0.051998 0.074815 0.053000 0.074030 0.053669 0.073103 0.053904 0.072177 0.053669 0.071392 0.053000 0.070867 0.051998 0.070682 0.050817 0.070867 0.049636 0.071392 0.048635 0.072177 0.047966 0.073103 0.047731 0.074030 0.047966 0.074815 0.048635 0.075340 0.049636
0 0.079411 0.046923 0.079235 0.047854 0.078735 0.048643 0.077987 0.049171 0.077105 0.049356 0.076222 0.049171 0.075474 0.048643 0.074974 0.047854 0.074799 0.046923 0.074974 0.045992 0.075474 0.045203 0.076222 0.044676 0.077105 0.044490 0.077987 0.044676 0.078735 0.045203 0.079235 0.045992
0 0.075769 0.042865 0.075630 0.044356 0.075236 0.045619 0.074647 0.046463 0.073951 0.046760 0.073256 0.046463 0.072666 0.045619 0.072272 0.044356 0.072134 0.042865 0.072272 0.041375 0.072666 0.040112 0.073256 0.039268 0.073951 0.038971 0.074647 0.039268 0.075236 0.040112 0.075630 0.041375
0 0.074562 0.037356 0.074423 0.038224 0.074029 0.038960 0.073440 0.039452 0.072744 0.039625 0.072049 0.039452 0.071459 0.038960 0.071065 0.038224 0.070927 0.037356 0.071065 0.036487 0.071459 0.035751 0.072049 0.035259 0.072744 0.035087 0.073440 0.035259 0.074029 0.035751 0.074423 0.036487
0 0.068017 0.034106 0.067879 0.035346 0.067485 0.036397 0.066895 0.037099 0.066200 0.037346 0.065504 0.037099 0.064915 0.036397 0.064521 0.035346 0.064382 0.034106 0.064521 0.032866 0.064915 0.031814 0.065504 0.031112 0.066200 0.030865 0.066895 0.031112 0.067485 0.031814 0.067879 0.032866
0 0.070467 0.029452 0.070293 0.030696 0.069796 0.031750 0.069052 0.032455 0.068175 0.032702 0.067298 0.032455 0.066555 0.031750 0.066058 0.030696 0.065884 0.029452 0.066058 0.028208 0.066555 0.027154 0.067298 0.026449 0.068175 0.026202 0.069052 0.026449 0.069796 0.027154 0.070293 0.028208
0 0.072091 0.025750 0.071926 0.027097 0.071459 0.028238 0.070760 0.029001 0.069935 0.029269 0.069111 0.029001 0.068411 0.028238 0.067944 0.027097 0.067780 0.025750 0.067944 0.024403 0.068411 0.023262 0.069111 0.022499 0.069935 0.022231 0.070760 0.022499 0.071459 0.023262 0.071926 0.024403
0 0.061451 0.024875 0.061245 0.026137 0.060658 0.027207 0.059779 0.027922 0.058743 0.028173 0.057706 0.027922 0.056828 0.027207 0.056241 0.026137 0.056034 0.024875 0.056241 0.023613 0.056828 0.022543 0.057706 0.021828 0.058743 0.021577 0.059779 0.021828 0.060658 0.022543 0.061245 0.023613
0 0.065884 0.023000 0.065683 0.024303 0.065114 0.025407 0.064261 0.026145 0.063254 0.026404 0.062248 0.026145 0.061395 0.025407 0.060825 0.024303 0.060625 0.023000 0.060825 0.021697 0.061395 0.020593 0.062248 0.019855 0.063254 0.019596 0.064261 0.019855 0.065114 0.020593 0.065683 0.021697
0 0.069820 0.021798 0.069633 0.023145 0.069099 0.024287 0.068299 0.025049 0.067356 0.025317 0.066413 0.025049 0.065614 0.024287 0.065080 0.023145 0.064892 0.021798 0.065080 0.020451 0.065614 0.019310 0.066413 0.018547 0.067356 0.018279 0.068299 0.018547 0.069099 0.019310 0.069633 0.020451
0 0.073922 0.019712 0.073729 0.021099 0.073178 0.022275 0.072353 0.023061 0.071379 0.023337 0.070406 0.023061 0.069581 0.022275 0.069030 0.021099 0.068836 0.019712 0.069030 0.018324 0.069581 0.017148 0.070406 0.016362 0.071379 0.016087 0.072353 0.016362 0.073178 0.017148 0.073729 0.018324
0 0.073757 0.013673 0.073576 0.014766 0.073061 0.015692 0.072289 0.016311 0.071379 0.016529 0.070469 0.016311 0.069698 0.015692 0.069182 0.014766 0.069001 0.013673 0.069182 0.012580 0.069698 0.011654 0.070469 0.011035 0.071379 0.010817 0.072289 0.011035 0.073061 0.011654 0.073576 0.012580
0 0.078685 0.019163 0.078485 0.020341 0.077915 0.021339 0.077062 0.022006 0.076056 0.022240 0.075050 0.022006 0.074197 0.021339 0.073627 0.020341 0.073427 0.019163 0.073627 0.017986 0.074197 0.016988 0.075050 0.016321 0.076056 0.016087 0.077062 0.016321 0.077915 0.016988 0.078485 0.017986
0 0.083111 0.016856 0.082917 0.018158 0.082366 0.019263 0.081541 0.020001 0.080568 0.020260 0.079594 0.020001 0.078769 0.019263 0.078218 0.018158 0.078024 0.016856 0.078218 0.015553 0.078769 0.014449 0.079594 0.013711 0.080568 0.013452 0.081541 0.013711 0.082366 0.014449 0.082917 0.015553
0 0.081667 0.010077 0.081477 0.011402 0.080939 0.012525 0.080132 0.013275 0.079181 0.013538 0.078230 0.013275 0.077423 0.012525 0.076885 0.011402 0.076695 0.010077 0.076885 0.008752 0.077423 0.007629 0.078230 0.006879 0.079181 0.006615 0.080132 0.006879 0.080939 0.007629 0.081477 0.008752
0 0.083319 0.005087 0.083161 0.006095 0.082713 0.006949 0.082042 0.007521 0.081250 0.007721 0.080458 0.007521 0.079787 0.006949 0.079339 0.006095 0.079181 0.005087 0.079339 0.004078 0.079787 0.003224 0.080458 0.002652 0.081250 0.002452 0.082042 0.002652 0.082713 0.003224 0.083161 0.004078
0 0.029454 0.048490 0.029265 0.049657 0.028726 0.050646 0.027920 0.051306 0.026968 0.051538 0.026017 0.051306 0.025211 0.050646 0.024672 0.049657 0.024483 0.048490 0.024672 0.047324 0.025211 0.046335 0.026017 0.045674 0.026968 0.045442 0.027920 0.045674 0.028726 0.046335 0.029265 0.047324
0 0.024899 0.049183 0.024694 0.050298 0.024110 0.051243 0.023236 0.051874 0.022205 0.052096 0.021175 0.051874 0.020301 0.051243 0.019717 0.050298 0.019511 0.049183 0.019717 0.048068 0.020301 0.047123 0.021175 0.046491 0.022205 0.046269 0.023236 0.046491 0.024110 0.047123 0.024694 0.048068
0 0.035668 0.041279 0.035511 0.042445 0.035062 0.043434 0.034391 0.044095 0.033599 0.044327 0.032807 0.044095 0.032136 0.043434 0.031688 0.042445 0.031530 0.041279 0.031688 0.040112 0.032136 0.039124 0.032807 0.038463 0.033599 0.038231 0.034391 0.038463 0.035062 0.039124 0.035511 0.040112
0 0.089749 0.006481 0.089567 0.008019 0.089050 0.009323 0.088276 0.010194 0.087364 0.010500 0.086451 0.010194 0.085677 0.009323 0.085160 0.008019 0.084978 0.006481 0.085160 0.004943 0.085677 0.003639 0.086451 0.002767 0.087364 0.002462 0.088276 0.002767 0.089050 0.003639 0.089567 0.004943
0 0.050172 0.054865 0.050007 0.056032 0.049535 0.057021 0.048829 0.057681 0.047996 0.057913 0.047163 0.057681 0.046457 0.057021 0.045985 0.056032 0.045819 0.054865 0.045985 0.053699 0.046457 0.052710 0.047163 0.052049 0.047996 0.051817 0.048829 0.052049 0.049535 0.052710 0.050007 0.053699
0 0.049964 0.061240 0.049791 0.062727 0.049297 0.063987 0.048558 0.064829 0.047687 0.065125 0.046815 0.064829 0.046076 0.063987 0.045583 0.062727 0.045409 0.061240 0.045583 0.059754 0.046076 0.058494 0.046815 0.057651 0.047687 0.057356 0.048558 0.057651 0.049297 0.058494 0.049791 0.059754
0 0.060740 0.057644 0.060582 0.058704 0.060134 0.059602 0.059463 0.060203 0.058671 0.060413 0.057879 0.060203 0.057208 0.059602 0.056760 0.058704 0.056602 0.057644 0.056760 0.056584 0.057208 0.055686 0.057879 0.055086 0.058671 0.054875 0.059463 0.055086 0.060134 0.055686 0.060582 0.056584
0 0.064677 0.059721 0.064495 0.060729 0.063978 0.061584 0.063204 0.062155 0.062292 0.062356 0.061379 0.062155 0.060605 0.061584 0.060088 0.060729 0.059907 0.059721 0.060088 0.058713 0.060605 0.057858 0.061379 0.057287 0.062292 0.057087 0.063204 0.057287 0.063978 0.057858 0.064495 0.058713
0 0.069231 0.060971 0.069034 0.061928 0.068474 0.062739 0.067635 0.063281 0.066645 0.063471 0.065655 0.063281 0.064816 0.062739 0.064256 0.061928 0.064059 0.060971 0.064256 0.060014 0.064816 0.059203 0.065655 0.058661 0.066645 0.058471 0.067635 0.058661 0.068474 0.059203 0.069034 0.060014
0 0.067996 0.057221 0.067814 0.058016 0.067297 0.058690 0.066523 0.059140 0.065611 0.059298 0.064698 0.059140 0.063924 0.058690 0.063407 0.058016 0.063226 0.057221 0.063407 0.056426 0.063924 0.055753 0.064698 0.055302 0.065611 0.055144 0.066523 0.055302 0.067297 0.055753 0.067814 0.056426
0 0.065711 0.053894 0.065585 0.054689 0.065225 0.055363 0.064687 0.055813 0.064052 0.055971 0.063417 0.055813 0.062878 0.055363 0.062519 0.054689 0.062392 0.053894 0.062519 0.053099 0.062878 0.052426 0.063417 0.051975 0.064052 0.051817 0.064687 0.051975 0.065225 0.052426 0.065585 0.053099
0 0.065295 0.049875 0.065121 0.050832 0.064628 0.051643 0.063889 0.052185 0.063017 0.052375 0.062146 0.052185 0.061407 0.051643 0.060913 0.050832 0.060740 0.049875 0.060913 0.048918 0.061407 0.048107 0.062146 0.047565 0.063017 0.047375 0.063889 0.047565 0.064628 0.048107 0.065121 0.048918
0 0.064260 0.045298 0.064110 0.046306 0.063684 0.047161 0.063045 0.047732 0.062292 0.047933 0.061538 0.047732 0.060900 0.047161 0.060473 0.046306 0.060323 0.045298 0.060473 0.044290 0.060900 0.043435 0.061538 0.042864 0.062292 0.042663 0.063045 0.042864 0.063684 0.043435 0.064110 0.044290
0 0.072759 0.064298 0.072577 0.065255 0.072060 0.066066 0.071286 0.066608 0.070374 0.066798 0.069461 0.066608 0.068687 0.066066 0.068170 0.065255 0.067989 0.064298 0.068170 0.063341 0.068687 0.062530 0.069461 0.061988 0.070374 0.061798 0.071286 0.061988 0.072060 0.062530 0.072577 0.063341
6 0.000000 0.056635 0.022148 0.073856 0.028915 0.099000 0.015388 0.142750 0.023649 0.169404 0.042062 0.200587 0.076257 0.208625 0.113075 0.205106 0.135618 0.174933 0.146142 0.138721 0.144641 0.105538 0.141631 0.075865 0.126602 0.054240 0.101056 0.037644 0.075876 0.046692 0.069871 0.042173 0.064009 0.000000 0.000000 0.000000