2 0.166293 0.037356 0.166090 0.039148 0.165512 0.040667 0.164648 0.041682 0.163628 0.042038 0.162608 0.041682 0.161743 0.040667 0.161166 0.039148 0.160963 0.037356 0.161166 0.035564 0.161743 0.034045 0.162608 0.033030 0.163628 0.032673 0.164648 0.033030 0.165512 0.034045 0.166090 0.035564
2 0.170955 0.030894 0.170689 0.032259 0.169931 0.033417 0.168796 0.034190 0.167457 0.034462 0.166118 0.034190 0.164983 0.033417 0.164225 0.032259 0.163958 0.030894 0.164225 0.029529 0.164983 0.028372 0.166118 0.027598 0.167457 0.027327 0.168796 0.027598 0.169931 0.028372 0.170689 0.029529
5 0.150179 0.002157 0.173174 0.029475 0.176035 0.025160 0.153040 0.000000
2 0.132989 0.114942 0.132747 0.116565 0.132061 0.117941 0.131033 0.118860 0.129820 0.119183 0.128608 0.118860 0.127580 0.117941 0.126893 0.116565 0.126652 0.114942 0.126893 0.113320 0.127580 0.111944 0.128608 0.111025 0.129820 0.110702 0.131033 0.111025 0.132061 0.111944 0.132747 0.113320
2 0.081013 0.139683 0.080785 0.141048 0.080136 0.142205 0.079164 0.142978 0.078017 0.143250 0.076871 0.142978 0.075899 0.142205 0.075250 0.141048 0.075022 0.139683 0.075250 0.138318 0.075899 0.137160 0.076871 0.136387 0.078017 0.136115 0.079164 0.136387 0.080136 0.137160 0.080785 0.138318
2 0.043046 0.178702 0.042792 0.180152 0.042070 0.181381 0.040988 0.182202 0.039713 0.182490 0.038437 0.182202 0.037356 0.181381 0.036633 0.180152 0.036379 0.178702 0.036633 0.177252 0.037356 0.176023 0.038437 0.175202 0.039713 0.174913 0.040988 0.175202 0.042070 0.176023 0.042792 0.177252
2 0.033714 0.176471 0.033499 0.177752 0.032885 0.178837 0.031967 0.179563 0.030884 0.179817 0.029800 0.179563 0.028882 0.178837 0.028269 0.177752 0.028053 0.176471 0.028269 0.175191 0.028882 0.174105 0.029800 0.173380 0.030884 0.173125 0.031967 0.173380 0.032885 0.174105 0.033499 0.175191
2 0.147644 0.128538 0.147466 0.130073 0.146960 0.131374 0.146202 0.132243 0.145309 0.132548 0.144415 0.132243 0.143658 0.131374 0.143152 0.130073 0.142974 0.128538 0.143152 0.127004 0.143658 0.125703 0.144415 0.124834 0.145309 0.124529 0.146202 0.124834 0.146960 0.125703 0.147466 0.127004
2 0.117996 0.131212 0.117818 0.132746 0.117312 0.134047 0.116554 0.134916 0.115661 0.135221 0.114767 0.134916 0.114010 0.134047 0.113504 0.132746 0.113326 0.131212 0.113504 0.129677 0.114010 0.128376 0.114767 0.127507 0.115661 0.127202 0.116554 0.127507 0.117312 0.128376 0.117818 0.129677
5 0.132422 0.112546 0.133739 0.101581 0.132073 0.091774 0.127870 0.093053 0.129518 0.101704 0.128182 0.111511
5 0.130966 0.118457 0.135686 0.133078 0.160897 0.157915 0.170229 0.174405 0.173665 0.170922 0.163897 0.153855 0.138969 0.129687 0.134968 0.116312
5 0.126217 0.109250 0.113263 0.104729 0.106937 0.106591 0.091276 0.100351 0.090046 0.105880 0.106708 0.112194 0.113072 0.110347 0.125062 0.114808
5 0.000000 0.132485 0.007498 0.137593 0.021155 0.150084 0.023587 0.145320 0.009617 0.132592 0.000960 0.127246
5 0.000693 0.128010 0.018071 0.120116 0.016685 0.114653 0.000000 0.122547
5 0.005722 0.122101 0.002389 0.110957 0.000000 0.113101 0.001720 0.124245
5 0.054619 0.144173 0.030304 0.172512 0.017508 0.175821 0.000856 0.185629 0.002592 0.190910 0.018776 0.181296 0.032105 0.177538 0.057421 0.148558
5 0.012999 0.180358 0.007668 0.165195 0.003768 0.167651 0.009099 0.182815
5 0.028550 0.179909 0.029549 0.214688 0.033856 0.214466 0.032858 0.179687
5 0.115572 0.154295 0.116953 0.160722 0.123943 0.186578 0.127996 0.184615 0.121052 0.158946 0.119715 0.152705
5 0.118980 0.162173 0.129086 0.161977 0.141402 0.155523 0.147455 0.150510 0.159110 0.146799 0.176114 0.137347 0.174461 0.132019 0.157789 0.141327 0.145854 0.145227 0.139513 0.150360 0.128305 0.156404 0.118980 0.156404
5 0.142677 0.152136 0.140012 0.141434 0.135922 0.143258 0.138588 0.153960
5 0.087030 0.130744 0.092148 0.120709 0.091318 0.117443 0.098446 0.105438 0.101772 0.082256 0.097539 0.081168 0.094674 0.103047 0.087515 0.115839 0.088300 0.119179 0.083631 0.127198
5 0.080421 0.028777 0.088104 0.035993 0.096274 0.046980 0.101666 0.049494 0.110455 0.055572 0.117644 0.061413 0.123973 0.061413 0.123973 0.055644 0.118841 0.056130 0.112644 0.050612 0.103374 0.044212 0.098548 0.042266 0.090908 0.031646 0.082912 0.024069
5 0.076057 0.058516 0.070342 0.035160 0.066061 0.021108 0.060730 0.011742 0.057301 0.015238 0.062345 0.023926 0.066292 0.037128 0.071960 0.060311
5 0.050140 0.048363 0.039755 0.035836 0.032758 0.023355 0.029311 0.026818 0.036584 0.039705 0.047245 0.052637
5 0.088314 0.087139 0.097308 0.072870 0.094014 0.069150 0.085019 0.083419
5 0.080421 0.071482 0.094746 0.064348 0.093243 0.058941 0.078918 0.066075
5 0.078291 0.100429 0.084289 0.107111 0.087047 0.102677 0.081048 0.095994
5 0.059470 0.135736 0.063905 0.146072 0.067238 0.167024 0.071454 0.165822 0.067893 0.144062 0.063231 0.132918
6 0.003053 0.000115 0.007716 0.011269 0.030036 0.020183 0.043024 0.013942 0.051020 0.009481 0.055639 0.000000 0.010079 0.000000
5 0.118210 0.040140 0.108876 0.038105 0.105542 0.042114 0.108423 0.046405 0.109749 0.043033 0.117077 0.045706
6 0.039030 0.122731 0.050690 0.137442 0.052019 0.146365 0.059684 0.148144 0.067011 0.158404 0.074009 0.149038 0.079001 0.161971 0.092996 0.170885 0.103987 0.170885 0.107651 0.153942 0.103319 0.145029 0.102320 0.136548 0.114318 0.138779 0.120309 0.132990 0.127636 0.120058 0.129971 0.100442 0.131968 0.079933 0.128635 0.058529 0.118980 0.042923 0.104986 0.041587 0.094325 0.044260 0.085668 0.058529 0.074339 0.050058 0.067680 0.032663 0.056351 0.040692 0.046688 0.051394 0.037694 0.071010 0.037364 0.084837 0.028369 0.093308 0.035697 0.108462
5 0.135503 0.046633 0.144497 0.049306 0.145431 0.043674 0.136437 0.041001