2 0.042378 0.178923 0.042137 0.180288 0.041450 0.181446 0.040422 0.182219 0.039210 0.182490 0.037997 0.182219 0.036970 0.181446 0.036283 0.180288 0.036042 0.178923 0.036283 0.177558 0.036970 0.176401 0.037997 0.175627 0.039210 0.175356 0.040422 0.175627 0.041450 0.176401 0.042137 0.177558
2 0.166293 0.039587 0.166039 0.041036 0.165317 0.042265 0.164235 0.043087 0.162960 0.043375 0.161684 0.043087 0.160603 0.042265 0.159880 0.041036 0.159626 0.039587 0.159880 0.038137 0.160603 0.036908 0.161684 0.036086 0.162960 0.035798 0.164235 0.036086 0.165317 0.036908 0.166039 0.038137
2 0.170955 0.038471 0.170740 0.039836 0.170126 0.040994 0.169208 0.041767 0.168125 0.042038 0.167042 0.041767 0.166124 0.040994 0.165510 0.039836 0.165295 0.038471 0.165510 0.037106 0.166124 0.035949 0.167042 0.035175 0.168125 0.034904 0.169208 0.035175 0.170126 0.035949 0.170740 0.037106
2 0.133319 0.111375 0.133053 0.112994 0.132294 0.114367 0.131159 0.115284 0.129820 0.115606 0.128482 0.115284 0.127347 0.114367 0.126588 0.112994 0.126322 0.111375 0.126588 0.109756 0.127347 0.108383 0.128482 0.107466 0.129820 0.107144 0.131159 0.107466 0.132294 0.108383 0.133053 0.109756
2 0.080352 0.133000 0.080174 0.134196 0.079668 0.135210 0.078911 0.135887 0.078017 0.136125 0.077124 0.135887 0.076366 0.135210 0.075860 0.134196 0.075682 0.133000 0.075860 0.131804 0.076366 0.130790 0.077124 0.130113 0.078017 0.129875 0.078911 0.130113 0.079668 0.130790 0.080174 0.131804
5 0.130378 0.115107 0.136569 0.130588 0.151630 0.141951 0.163627 0.154431 0.166272 0.149876 0.154013 0.137162 0.139557 0.126788 0.134234 0.112528
5 0.131793 0.106529 0.131455 0.098058 0.127151 0.098365 0.127489 0.106836
5 0.126497 0.109155 0.115121 0.107814 0.111575 0.108301 0.104247 0.097599 0.101069 0.101497 0.109843 0.113128 0.114789 0.113566 0.126118 0.114902
5 0.081379 0.165208 0.070387 0.196871 0.074296 0.199302 0.085288 0.167639
5 0.095636 0.162074 0.100190 0.177582 0.098875 0.190161 0.100512 0.200940 0.099176 0.220555 0.103468 0.221079 0.104774 0.200657 0.103122 0.190053 0.104343 0.177022 0.099680 0.160080
5 0.097223 0.161272 0.128516 0.156576 0.143901 0.147346 0.160090 0.141011 0.174084 0.133434 0.172468 0.128086 0.158678 0.135567 0.142418 0.141943 0.127403 0.151075 0.096757 0.155536
5 0.083216 0.144059 0.075496 0.125657 0.068168 0.110052 0.064519 0.113121 0.071792 0.128604 0.079457 0.146883
5 0.082337 0.150779 0.073829 0.143240 0.073829 0.131202 0.069519 0.131202 0.070343 0.145509 0.079675 0.155317
6 0.076674 0.151269 0.078003 0.158404 0.081667 0.167760 0.093326 0.170442 0.100654 0.164644 0.101652 0.155721 0.094662 0.145913 0.084001 0.144135
2 0.116659 0.129875 0.116406 0.131071 0.115683 0.132085 0.114602 0.132762 0.113326 0.133000 0.112051 0.132762 0.110969 0.132085 0.110247 0.131071 0.109993 0.129875 0.110247 0.128679 0.110969 0.127665 0.112051 0.126988 0.113326 0.126750 0.114602 0.126988 0.115683 0.127665 0.116406 0.128679
2 0.146307 0.124750 0.146105 0.126200 0.145527 0.127429 0.144662 0.128250 0.143642 0.128538 0.142622 0.128250 0.141758 0.127429 0.141180 0.126200 0.140977 0.124750 0.141180 0.123300 0.141758 0.122071 0.142622 0.121250 0.143642 0.120962 0.144662 0.121250 0.145527 0.122071 0.146105 0.123300
2 0.115661 0.041144 0.115420 0.042340 0.114733 0.043354 0.113705 0.044031 0.112493 0.044269 0.111280 0.044031 0.110253 0.043354 0.109566 0.042340 0.109325 0.041144 0.109566 0.039948 0.110253 0.038935 0.111280 0.038257 0.112493 0.038019 0.113705 0.038257 0.114733 0.038935 0.115420 0.039948
5 0.104931 0.128077 0.107857 0.140126 0.110224 0.159997 0.112925 0.174266 0.117104 0.172849 0.114442 0.158836 0.112037 0.138789 0.109034 0.126308
5 0.139203 0.140257 0.152806 0.127459 0.175119 0.098036 0.172094 0.093926 0.150057 0.123041 0.136731 0.135531
5 0.143369 0.118352 0.136041 0.104977 0.132565 0.108388 0.139893 0.121763
5 0.146454 0.126944 0.169937 0.124113 0.175928 0.117873 0.173281 0.113320 0.168453 0.118960 0.146133 0.121191
5 0.111512 0.049889 0.100801 0.040553 0.094385 0.038929 0.077807 0.020377 0.070141 0.004771 0.066540 0.007940 0.074617 0.024167 0.092518 0.043947 0.099127 0.045765 0.109120 0.054688
5 0.113338 0.045045 0.109723 0.031871 0.106947 0.018988 0.103807 0.010375 0.103807 0.000000 0.099497 0.000000 0.099691 0.011569 0.102913 0.020975 0.105627 0.033656 0.109291 0.047031
5 0.117440 0.037974 0.134760 0.048234 0.136504 0.042958 0.119184 0.032699
5 0.075014 0.061684 0.102327 0.016655 0.098981 0.013018 0.071667 0.058047
5 0.073737 0.070777 0.084736 0.070326 0.084603 0.064559 0.073605 0.065011
5 0.106002 0.121916 0.111333 0.130387 0.114630 0.126671 0.109299 0.118199
5 0.119777 0.050015 0.119419 0.040891 0.116086 0.038218 0.113871 0.043167 0.116178 0.042956 0.115510 0.049197
5 0.073092 0.064045 0.068330 0.039573 0.060334 0.014159 0.056361 0.016398 0.064257 0.041416 0.068920 0.065493
5 0.045810 0.047471 0.035114 0.034538 0.028117 0.021615 0.024627 0.025000 0.031919 0.038365 0.042911 0.051740
5 0.055549 0.123375 0.046383 0.142287 0.026989 0.162364 0.000344 0.174854 0.001768 0.180299 0.029012 0.167376 0.049494 0.146164 0.059149 0.126549
5 0.018224 0.170189 0.019560 0.196055 0.023860 0.195657 0.022524 0.169791
5 0.019249 0.158684 0.001203 0.142434 0.000000 0.147220 0.016843 0.163470
5 0.046977 0.147247 0.050979 0.151699 0.053734 0.147262 0.049733 0.142811
6 0.033700 0.112029 0.047356 0.135212 0.058017 0.132990 0.064016 0.140567 0.068341 0.135663 0.079670 0.137894 0.084332 0.124519 0.090999 0.112029 0.098326 0.119163 0.109648 0.127635 0.119641 0.124519 0.126307 0.113817 0.133635 0.112923 0.131968 0.097760 0.129971 0.070115 0.119978 0.045154 0.108649 0.042471 0.093994 0.052288 0.085668 0.060308 0.078671 0.058077 0.069677 0.051394 0.061013 0.038462 0.048355 0.042471 0.042364 0.050500 0.035036 0.070115
6 0.007385 0.000567 0.015711 0.011712 0.035036 0.016173 0.045029 0.009038 0.050812 0.000000 0.034993 0.000000