0 0.076638 0.141913 0.076422 0.143658 0.075809 0.145136 0.074891 0.146124 0.073807 0.146471 0.072724 0.146124 0.071806 0.145136 0.071192 0.143658 0.070977 0.141913 0.071192 0.140169 0.071806 0.138691 0.072724 0.137703 0.073807 0.137356 0.074891 0.137703 0.075809 0.138691 0.076422 0.140169
0 0.077917 0.133740 0.077726 0.135323 0.077182 0.136664 0.076369 0.137560 0.075409 0.137875 0.074450 0.137560 0.073637 0.136664 0.073093 0.135323 0.072902 0.133740 0.073093 0.132158 0.073637 0.130817 0.074450 0.129920 0.075409 0.129606 0.076369 0.129920 0.077182 0.130817 0.077726 0.132158
0 0.073549 0.137010 0.073368 0.138393 0.072852 0.139566 0.072081 0.140350 0.071171 0.140625 0.070261 0.140350 0.069490 0.139566 0.068974 0.138393 0.068793 0.137010 0.068974 0.135626 0.069490 0.134453 0.070261 0.133669 0.071171 0.133394 0.072081 0.133669 0.072852 0.134453 0.073368 0.135626
0 0.081135 0.149404 0.080895 0.151314 0.080211 0.152933 0.079188 0.154014 0.077981 0.154394 0.076774 0.154014 0.075751 0.152933 0.075068 0.151314 0.074828 0.149404 0.075068 0.147494 0.075751 0.145875 0.076774 0.144793 0.077981 0.144413 0.079188 0.144793 0.080211 0.145875 0.080895 0.147494
0 0.069691 0.140538 0.069505 0.141756 0.068976 0.142789 0.068183 0.143479 0.067249 0.143721 0.066314 0.143479 0.065521 0.142789 0.064992 0.141756 0.064806 0.140538 0.064992 0.139320 0.065521 0.138288 0.066314 0.137598 0.067249 0.137356 0.068183 0.137598 0.068976 0.138288 0.069505 0.139320
0 0.084871 0.127058 0.084690 0.128596 0.084176 0.129900 0.083407 0.130771 0.082500 0.131077 0.081593 0.130771 0.080824 0.129900 0.080310 0.128596 0.080129 0.127058 0.080310 0.125520 0.080824 0.124216 0.081593 0.123344 0.082500 0.123038 0.083407 0.123344 0.084176 0.124216 0.084690 0.125520
0 0.085345 0.134990 0.085140 0.136569 0.084558 0.137907 0.083686 0.138801 0.082658 0.139115 0.081630 0.138801 0.080758 0.137907 0.080176 0.136569 0.079971 0.134990 0.080176 0.133412 0.080758 0.132074 0.081630 0.131179 0.082658 0.130865 0.083686 0.131179 0.084558 0.132074 0.085140 0.133412
0 0.098463 0.143769 0.098222 0.144822 0.097537 0.145714 0.096511 0.146310 0.095302 0.146519 0.094092 0.146310 0.093067 0.145714 0.092381 0.144822 0.092141 0.143769 0.092381 0.142717 0.093067 0.141825 0.094092 0.141229 0.095302 0.141019 0.096511 0.141229 0.097537 0.141825 0.098222 0.142717
0 0.101466 0.144827 0.101303 0.145798 0.100841 0.146622 0.100148 0.147172 0.099332 0.147365 0.098515 0.147172 0.097823 0.146622 0.097361 0.145798 0.097198 0.144827 0.097361 0.143855 0.097823 0.143032 0.098515 0.142482 0.099332 0.142288 0.100148 0.142482 0.100841 0.143032 0.101303 0.143855
0 0.111638 0.142375 0.111483 0.143611 0.111040 0.144659 0.110378 0.145360 0.109598 0.145606 0.108817 0.145360 0.108155 0.144659 0.107713 0.143611 0.107557 0.142375 0.107713 0.141139 0.108155 0.140091 0.108817 0.139390 0.109598 0.139144 0.110378 0.139390 0.111040 0.140091 0.111483 0.141139
0 0.109418 0.148337 0.109227 0.149952 0.108684 0.151321 0.107870 0.152236 0.106911 0.152558 0.105951 0.152236 0.105138 0.151321 0.104595 0.149952 0.104404 0.148337 0.104595 0.146721 0.105138 0.145352 0.105951 0.144437 0.106911 0.144115 0.107870 0.144437 0.108684 0.145352 0.109227 0.146721
0 0.117945 0.149327 0.117642 0.150563 0.116778 0.151611 0.115484 0.152312 0.113958 0.152558 0.112433 0.152312 0.111139 0.151611 0.110275 0.150563 0.109971 0.149327 0.110275 0.148091 0.111139 0.147042 0.112433 0.146342 0.113958 0.146096 0.115484 0.146342 0.116778 0.147042 0.117642 0.148091
0 0.121659 0.148962 0.121469 0.150054 0.120925 0.150981 0.120112 0.151600 0.119152 0.151817 0.118193 0.151600 0.117379 0.150981 0.116836 0.150054 0.116645 0.148962 0.116836 0.147869 0.117379 0.146942 0.118193 0.146323 0.119152 0.146106 0.120112 0.146323 0.120925 0.146942 0.121469 0.147869
0 0.153254 0.088202 0.153101 0.089475 0.152665 0.090554 0.152013 0.091276 0.151243 0.091529 0.150473 0.091276 0.149820 0.090554 0.149384 0.089475 0.149231 0.088202 0.149384 0.086929 0.149820 0.085849 0.150473 0.085128 0.151243 0.084875 0.152013 0.085128 0.152665 0.085849 0.153101 0.086929
0 0.153491 0.093894 0.153338 0.094803 0.152902 0.095574 0.152250 0.096088 0.151480 0.096269 0.150710 0.096088 0.150058 0.095574 0.149622 0.094803 0.149468 0.093894 0.149622 0.092985 0.150058 0.092215 0.150710 0.091700 0.151480 0.091519 0.152250 0.091700 0.152902 0.092215 0.153338 0.092985
0 0.153958 0.098019 0.153778 0.099171 0.153266 0.100147 0.152499 0.100800 0.151595 0.101029 0.150690 0.100800 0.149924 0.100147 0.149411 0.099171 0.149231 0.098019 0.149411 0.096868 0.149924 0.095891 0.150690 0.095239 0.151595 0.095010 0.152499 0.095239 0.153266 0.095891 0.153778 0.096868
0 0.157270 0.100865 0.157108 0.102139 0.156647 0.103218 0.155957 0.103939 0.155144 0.104192 0.154330 0.103939 0.153640 0.103218 0.153179 0.102139 0.153017 0.100865 0.153179 0.099592 0.153640 0.098513 0.154330 0.097792 0.155144 0.097538 0.155957 0.097792 0.156647 0.098513 0.157108 0.099592
0 0.153728 0.103240 0.153539 0.104572 0.153000 0.105702 0.152194 0.106456 0.151243 0.106721 0.150292 0.106456 0.149485 0.105702 0.148946 0.104572 0.148757 0.103240 0.148946 0.101908 0.149485 0.100779 0.150292 0.100025 0.151243 0.099760 0.152194 0.100025 0.153000 0.100779 0.153539 0.101908
0 0.149231 0.112260 0.149060 0.114136 0.148573 0.115727 0.147843 0.116790 0.146983 0.117163 0.146122 0.116790 0.145393 0.115727 0.144905 0.114136 0.144734 0.112260 0.144905 0.110383 0.145393 0.108792 0.146122 0.107729 0.146983 0.107356 0.147843 0.107729 0.148573 0.108792 0.149060 0.110383
0 0.147579 0.103875 0.147408 0.105207 0.146920 0.106336 0.146191 0.107091 0.145330 0.107356 0.144470 0.107091 0.143740 0.106336 0.143253 0.105207 0.143082 0.103875 0.143253 0.102543 0.143740 0.101414 0.144470 0.100659 0.145330 0.100394 0.146191 0.100659 0.146920 0.101414 0.147408 0.102543
0 0.144504 0.094529 0.144396 0.095195 0.144088 0.095759 0.143626 0.096137 0.143082 0.096269 0.142538 0.096137 0.142076 0.095759 0.141768 0.095195 0.141659 0.094529 0.141768 0.093863 0.142076 0.093298 0.142538 0.092921 0.143082 0.092788 0.143626 0.092921 0.144088 0.093298 0.144396 0.093863
0 0.145445 0.089788 0.145302 0.091062 0.144892 0.092141 0.144279 0.092862 0.143556 0.093115 0.142833 0.092862 0.142220 0.092141 0.141810 0.091062 0.141667 0.089788 0.141810 0.088515 0.142220 0.087436 0.142833 0.086715 0.143556 0.086462 0.144279 0.086715 0.144892 0.087436 0.145302 0.088515
2 0.062098 0.200654 0.061825 0.202273 0.061048 0.203645 0.059885 0.204563 0.058513 0.204885 0.057141 0.204563 0.055978 0.203645 0.055201 0.202273 0.054928 0.200654 0.055201 0.199035 0.055978 0.197662 0.057141 0.196745 0.058513 0.196423 0.059885 0.196745 0.061048 0.197662 0.061825 0.199035
2 0.161286 0.035500 0.161055 0.037053 0.160398 0.038369 0.159414 0.039249 0.158254 0.039558 0.157094 0.039249 0.156111 0.038369 0.155453 0.037053 0.155223 0.035500 0.155453 0.033947 0.156111 0.032631 0.157094 0.031751 0.158254 0.031442 0.159414 0.031751 0.160398 0.032631 0.161055 0.033947
2 0.167004 0.039327 0.166761 0.040622 0.166068 0.041720 0.165031 0.042454 0.163807 0.042712 0.162584 0.042454 0.161547 0.041720 0.160854 0.040622 0.160611 0.039327 0.160854 0.038032 0.161547 0.036934 0.162584 0.036200 0.163807 0.035942 0.165031 0.036200 0.166068 0.036934 0.166761 0.038032
2 0.166674 0.035500 0.166431 0.036707 0.165738 0.037730 0.164700 0.038414 0.163477 0.038654 0.162254 0.038414 0.161217 0.037730 0.160524 0.036707 0.160280 0.035500 0.160524 0.034293 0.161217 0.033270 0.162254 0.032586 0.163477 0.032346 0.164700 0.032586 0.165738 0.033270 0.166431 0.034293
2 0.170718 0.042260 0.170526 0.043639 0.169978 0.044809 0.169157 0.045591 0.168190 0.045865 0.167222 0.045591 0.166402 0.044809 0.165853 0.043639 0.165661 0.042260 0.165853 0.040880 0.166402 0.039710 0.167222 0.038928 0.168190 0.038654 0.169157 0.038928 0.169978 0.039710 0.170526 0.040880
2 0.174756 0.045865 0.174563 0.047245 0.174015 0.048415 0.173195 0.049197 0.172227 0.049471 0.171259 0.049197 0.170439 0.048415 0.169891 0.047245 0.169698 0.045865 0.169891 0.044486 0.170439 0.043316 0.171259 0.042534 0.172227 0.042260 0.173195 0.042534 0.174015 0.043316 0.174563 0.044486
5 0.155166 0.037867 0.150453 0.060405 0.154604 0.061960 0.159317 0.039422
0 0.094971 0.159375 0.094685 0.160589 0.093869 0.161619 0.092647 0.162307 0.091207 0.162548 0.089766 0.162307 0.088545 0.161619 0.087729 0.160589 0.087443 0.159375 0.087729 0.158161 0.088545 0.157131 0.089766 0.156443 0.091207 0.156202 0.092647 0.156443 0.093869 0.157131 0.094685 0.158161
0 0.140955 0.089942 0.140758 0.091274 0.140194 0.092404 0.139350 0.093158 0.138355 0.093423 0.137360 0.093158 0.136516 0.092404 0.135952 0.091274 0.135754 0.089942 0.135952 0.088610 0.136516 0.087481 0.137360 0.086726 0.138355 0.086462 0.139350 0.086726 0.140194 0.087481 0.140758 0.088610
6 0.021250 0.065654 0.005273 0.103433 0.027112 0.159029 0.053736 0.186115 0.078772 0.208212 0.101667 0.183269 0.140546 0.140500 0.142672 0.121962 0.130963 0.084904 0.138951 0.043558 0.112852 0.035000 0.089950 0.019317 0.068649 0.039990
6 0.000000 0.046654 0.022852 0.066365 0.047881 0.060663 0.067055 0.036433 0.072320 0.000000 0.000000 0.000000
6 0.175287 0.048433 0.161846 0.026452 0.157457 0.000000 0.175287 0.000000
0 0.080977 0.009356 0.080792 0.010209 0.080264 0.010933 0.079474 0.011417 0.078542 0.011587 0.077610 0.011417 0.076820 0.010933 0.076292 0.010209 0.076106 0.009356 0.076292 0.008502 0.076820 0.007778 0.077610 0.007295 0.078542 0.007125 0.079474 0.007295 0.080264 0.007778 0.080792 0.008502
0 0.086106 0.011587 0.085853 0.012506 0.085130 0.013286 0.084049 0.013807 0.082773 0.013990 0.081497 0.013807 0.080416 0.013286 0.079693 0.012506 0.079440 0.011587 0.079693 0.010667 0.080416 0.009887 0.081497 0.009366 0.082773 0.009183 0.084049 0.009366 0.085130 0.009887 0.085853 0.010667
0 0.089698 0.015192 0.089483 0.016307 0.088871 0.017252 0.087955 0.017884 0.086875 0.018106 0.085795 0.017884 0.084879 0.017252 0.084267 0.016307 0.084052 0.015192 0.084267 0.014077 0.084879 0.013132 0.085795 0.012501 0.086875 0.012279 0.087955 0.012501 0.088871 0.013132 0.089483 0.014077
0 0.085338 0.014846 0.085104 0.015832 0.084437 0.016668 0.083440 0.017227 0.082263 0.017423 0.081086 0.017227 0.080089 0.016668 0.079422 0.015832 0.079188 0.014846 0.079422 0.013860 0.080089 0.013024 0.081086 0.012465 0.082263 0.012269 0.083440 0.012465 0.084437 0.013024 0.085104 0.013860
0 0.080977 0.017250 0.080811 0.018236 0.080339 0.019072 0.079633 0.019631 0.078800 0.019827 0.077967 0.019631 0.077261 0.019072 0.076789 0.018236 0.076624 0.017250 0.076789 0.016264 0.077261 0.015428 0.077967 0.014869 0.078800 0.014673 0.079633 0.014869 0.080339 0.015428 0.080811 0.016264
0 0.078420 0.018625 0.078234 0.019611 0.077706 0.020447 0.076916 0.021006 0.075984 0.021202 0.075052 0.021006 0.074262 0.020447 0.073734 0.019611 0.073549 0.018625 0.073734 0.017639 0.074262 0.016803 0.075052 0.016244 0.075984 0.016048 0.076916 0.016244 0.077706 0.016803 0.078234 0.017639
0 0.074576 0.016731 0.074439 0.017779 0.074050 0.018669 0.073467 0.019263 0.072780 0.019471 0.072093 0.019263 0.071510 0.018669 0.071121 0.017779 0.070984 0.016731 0.071121 0.015682 0.071510 0.014793 0.072093 0.014199 0.072780 0.013990 0.073467 0.014199 0.074050 0.014793 0.074439 0.015682
0 0.076365 0.024625 0.076189 0.026071 0.075690 0.027297 0.074941 0.028116 0.074059 0.028404 0.073176 0.028116 0.072428 0.027297 0.071928 0.026071 0.071753 0.024625 0.071928 0.023179 0.072428 0.021953 0.073176 0.021134 0.074059 0.020846 0.074941 0.021134 0.075690 0.021953 0.076189 0.023179
0 0.073290 0.021192 0.072988 0.022241 0.072127 0.023130 0.070838 0.023724 0.069318 0.023933 0.067797 0.023724 0.066508 0.023130 0.065647 0.022241 0.065345 0.021192 0.065647 0.020144 0.066508 0.019255 0.067797 0.018661 0.069318 0.018452 0.070838 0.018661 0.072127 0.019255 0.072988 0.020144
0 0.067392 0.026173 0.067207 0.027420 0.066679 0.028478 0.065889 0.029185 0.064957 0.029433 0.064025 0.029185 0.063235 0.028478 0.062707 0.027420 0.062522 0.026173 0.062707 0.024926 0.063235 0.023868 0.064025 0.023162 0.064957 0.022913 0.065889 0.023162 0.066679 0.023868 0.067207 0.024926
0 0.064318 0.024288 0.064074 0.025337 0.063379 0.026226 0.062340 0.026820 0.061114 0.027029 0.059887 0.026820 0.058848 0.026226 0.058153 0.025337 0.057909 0.024288 0.058153 0.023240 0.058848 0.022351 0.059887 0.021757 0.061114 0.021548 0.062340 0.021757 0.063379 0.022351 0.064074 0.023240
0 0.062780 0.009356 0.062634 0.010997 0.062216 0.012388 0.061592 0.013318 0.060855 0.013644 0.060118 0.013318 0.059494 0.012388 0.059076 0.010997 0.058930 0.009356 0.059076 0.007715 0.059494 0.006323 0.060118 0.005394 0.060855 0.005067 0.061592 0.005394 0.062216 0.006323 0.062634 0.007715
0 0.068678 0.008846 0.068483 0.010027 0.067927 0.011029 0.067095 0.011698 0.066114 0.011933 0.065132 0.011698 0.064300 0.011029 0.063744 0.010027 0.063549 0.008846 0.063744 0.007665 0.064300 0.006664 0.065132 0.005995 0.066114 0.005760 0.067095 0.005995 0.067927 0.006664 0.068483 0.007665
0 0.038750 0.004981 0.038578 0.006386 0.038089 0.007578 0.037357 0.008374 0.036494 0.008654 0.035631 0.008374 0.034899 0.007578 0.034410 0.006386 0.034239 0.004981 0.034410 0.003575 0.034899 0.002384 0.035631 0.001587 0.036494 0.001308 0.037357 0.001587 0.038089 0.002384 0.038578 0.003575
0 0.036789 0.009712 0.036632 0.010716 0.036185 0.011568 0.035516 0.012137 0.034727 0.012337 0.033938 0.012137 0.033269 0.011568 0.032822 0.010716 0.032665 0.009712 0.032822 0.008707 0.033269 0.007855 0.033938 0.007286 0.034727 0.007087 0.035516 0.007286 0.036185 0.007855 0.036632 0.008707
5 0.096117 0.002674 0.108983 0.009645 0.110600 0.004297 0.097734 0.000000
0 0.099820 0.007413 0.099673 0.008403 0.099254 0.009242 0.098627 0.009803 0.097888 0.010000 0.097148 0.009803 0.096521 0.009242 0.096103 0.008403 0.095955 0.007413 0.096103 0.006424 0.096521 0.005585 0.097148 0.005024 0.097888 0.004827 0.098627 0.005024 0.099254 0.005585 0.099673 0.006424
0 0.096925 0.011077 0.096656 0.012313 0.095888 0.013361 0.094739 0.014062 0.093384 0.014308 0.092028 0.014062 0.090879 0.013361 0.090112 0.012313 0.089842 0.011077 0.090112 0.009841 0.090879 0.008792 0.092028 0.008092 0.093384 0.007846 0.094739 0.008092 0.095888 0.008792 0.096656 0.009841
0 0.082112 0.030894 0.081916 0.032789 0.081359 0.034396 0.080524 0.035469 0.079540 0.035846 0.078556 0.035469 0.077722 0.034396 0.077164 0.032789 0.076968 0.030894 0.077164 0.028999 0.077722 0.027393 0.078556 0.026319 0.079540 0.025942 0.080524 0.026319 0.081359 0.027393 0.081916 0.028999
0 0.090489 0.034558 0.090305 0.035713 0.089782 0.036693 0.088998 0.037347 0.088075 0.037577 0.087151 0.037347 0.086368 0.036693 0.085845 0.035713 0.085661 0.034558 0.085845 0.033402 0.086368 0.032423 0.087151 0.031768 0.088075 0.031538 0.088998 0.031768 0.089782 0.032423 0.090305 0.033402
0 0.089195 0.027663 0.089012 0.029478 0.088488 0.031015 0.087705 0.032043 0.086782 0.032404 0.085858 0.032043 0.085075 0.031015 0.084552 0.029478 0.084368 0.027663 0.084552 0.025849 0.085075 0.024312 0.085858 0.023284 0.086782 0.022923 0.087705 0.023284 0.088488 0.024312 0.089012 0.025849
0 0.128470 0.010644 0.128213 0.011715 0.127481 0.012623 0.126385 0.013229 0.125093 0.013442 0.123801 0.013229 0.122706 0.012623 0.121974 0.011715 0.121717 0.010644 0.121974 0.009573 0.122706 0.008666 0.123801 0.008059 0.125093 0.007846 0.126385 0.008059 0.127481 0.008666 0.128213 0.009573
5 0.101090 0.074999 0.101981 0.062230 0.097689 0.061693 0.096798 0.074463
0 0.120223 0.067385 0.120070 0.068812 0.119636 0.070023 0.118985 0.070831 0.118218 0.071115 0.117451 0.070831 0.116801 0.070023 0.116367 0.068812 0.116214 0.067385 0.116367 0.065957 0.116801 0.064747 0.117451 0.063938 0.118218 0.063654 0.118985 0.063938 0.119636 0.064747 0.120070 0.065957
0 0.117651 0.061163 0.117498 0.062407 0.117064 0.063462 0.116414 0.064166 0.115647 0.064413 0.114880 0.064166 0.114229 0.063462 0.113795 0.062407 0.113642 0.061163 0.113795 0.059920 0.114229 0.058865 0.114880 0.058161 0.115647 0.057913 0.116414 0.058161 0.117064 0.058865 0.117498 0.059920
0 0.114792 0.058192 0.114623 0.059329 0.114141 0.060293 0.113421 0.060937 0.112572 0.061163 0.111722 0.060937 0.111002 0.060293 0.110521 0.059329 0.110352 0.058192 0.110521 0.057055 0.111002 0.056091 0.111722 0.055447 0.112572 0.055221 0.113421 0.055447 0.114141 0.056091 0.114623 0.057055
0 0.117644 0.054077 0.117432 0.054809 0.116827 0.055430 0.115923 0.055845 0.114856 0.055990 0.113790 0.055845 0.112885 0.055430 0.112281 0.054809 0.112069 0.054077 0.112281 0.053345 0.112885 0.052724 0.113790 0.052309 0.114856 0.052163 0.115923 0.052309 0.116827 0.052724 0.117432 0.053345
0 0.112069 0.053894 0.111905 0.054847 0.111440 0.055655 0.110743 0.056195 0.109921 0.056385 0.109099 0.056195 0.108402 0.055655 0.107936 0.054847 0.107773 0.053894 0.107936 0.052941 0.108402 0.052133 0.109099 0.051593 0.109921 0.051404 0.110743 0.051593 0.111440 0.052133 0.111905 0.052941
0 0.108355 0.051500 0.108186 0.052416 0.107705 0.053193 0.106985 0.053712 0.106135 0.053894 0.105286 0.053712 0.104565 0.053193 0.104084 0.052416 0.103915 0.051500 0.104084 0.050584 0.104565 0.049807 0.105286 0.049288 0.106135 0.049106 0.106985 0.049288 0.107705 0.049807 0.108186 0.050584
0 0.112780 0.042115 0.112552 0.043252 0.111901 0.044216 0.110926 0.044860 0.109777 0.045087 0.108628 0.044860 0.107654 0.044216 0.107003 0.043252 0.106774 0.042115 0.107003 0.040978 0.107654 0.040014 0.108628 0.039370 0.109777 0.039144 0.110926 0.039370 0.111901 0.040014 0.112552 0.040978
0 0.107198 0.042500 0.106899 0.043707 0.106047 0.044730 0.104772 0.045414 0.103269 0.045654 0.101765 0.045414 0.100490 0.044730 0.099638 0.043707 0.099339 0.042500 0.099638 0.041293 0.100490 0.040270 0.101765 0.039586 0.103269 0.039346 0.104772 0.039586 0.106047 0.040270 0.106899 0.041293
0 0.086336 0.063394 0.086151 0.064355 0.085623 0.065169 0.084833 0.065713 0.083901 0.065904 0.082969 0.065713 0.082179 0.065169 0.081651 0.064355 0.081466 0.063394 0.081651 0.062434 0.082179 0.061620 0.082969 0.061076 0.083901 0.060885 0.084833 0.061076 0.085623 0.061620 0.086151 0.062434
0 0.083341 0.066913 0.083233 0.067778 0.082928 0.068511 0.082471 0.069001 0.081932 0.069173 0.081394 0.069001 0.080937 0.068511 0.080632 0.067778 0.080524 0.066913 0.080632 0.066049 0.080937 0.065316 0.081394 0.064826 0.081932 0.064654 0.082471 0.064826 0.082928 0.065316 0.083233 0.066049
0 0.092529 0.057240 0.092229 0.058440 0.091376 0.059457 0.090098 0.060136 0.088592 0.060375 0.087085 0.060136 0.085808 0.059457 0.084955 0.058440 0.084655 0.057240 0.084955 0.056041 0.085808 0.055024 0.087085 0.054344 0.088592 0.054106 0.090098 0.054344 0.091376 0.055024 0.092229 0.056041
0 0.085216 0.058125 0.085030 0.059277 0.084502 0.060253 0.083712 0.060906 0.082780 0.061135 0.081848 0.060906 0.081058 0.060253 0.080530 0.059277 0.080345 0.058125 0.080530 0.056973 0.081058 0.055997 0.081848 0.055344 0.082780 0.055115 0.083712 0.055344 0.084502 0.055997 0.085030 0.056973
0 0.078843 0.041423 0.078615 0.042527 0.077964 0.043463 0.076990 0.044088 0.075841 0.044308 0.074691 0.044088 0.073717 0.043463 0.073066 0.042527 0.072838 0.041423 0.073066 0.040319 0.073717 0.039383 0.074691 0.038758 0.075841 0.038538 0.076990 0.038758 0.077964 0.039383 0.078615 0.040319
0 0.073024 0.043558 0.072703 0.045096 0.071787 0.046400 0.070417 0.047271 0.068800 0.047577 0.067184 0.047271 0.065813 0.046400 0.064898 0.045096 0.064576 0.043558 0.064898 0.042020 0.065813 0.040716 0.067184 0.039844 0.068800 0.039538 0.070417 0.039844 0.071787 0.040716 0.072703 0.042020
0 0.074899 0.050087 0.074671 0.051433 0.074020 0.052575 0.073046 0.053338 0.071897 0.053606 0.070747 0.053338 0.069773 0.052575 0.069122 0.051433 0.068894 0.050087 0.069122 0.048740 0.069773 0.047598 0.070747 0.046835 0.071897 0.046567 0.073046 0.046835 0.074020 0.047598 0.074671 0.048740
0 0.074339 0.058125 0.074125 0.060046 0.073514 0.061674 0.072601 0.062762 0.071523 0.063144 0.070445 0.062762 0.069532 0.061674 0.068921 0.060046 0.068707 0.058125 0.068921 0.056204 0.069532 0.054576 0.070445 0.053488 0.071523 0.053106 0.072601 0.053488 0.073514 0.054576 0.074125 0.056204
0 0.065754 0.063894 0.065582 0.065156 0.065089 0.066226 0.064353 0.066941 0.063484 0.067192 0.062615 0.066941 0.061879 0.066226 0.061387 0.065156 0.061214 0.063894 0.061387 0.062632 0.061879 0.061562 0.062615 0.060847 0.063484 0.060596 0.064353 0.060847 0.065089 0.061562 0.065582 0.062632
0 0.062349 0.068462 0.062118 0.069724 0.061461 0.070794 0.060478 0.071509 0.059318 0.071760 0.058157 0.071509 0.057174 0.070794 0.056517 0.069724 0.056286 0.068462 0.056517 0.067199 0.057174 0.066129 0.058157 0.065415 0.059318 0.065163 0.060478 0.065415 0.061461 0.066129 0.062118 0.067199
0 0.057428 0.067567 0.057226 0.068682 0.056652 0.069627 0.055792 0.070259 0.054777 0.070481 0.053763 0.070259 0.052903 0.069627 0.052328 0.068682 0.052126 0.067567 0.052328 0.066452 0.052903 0.065507 0.053763 0.064876 0.054777 0.064654 0.055792 0.064876 0.056652 0.065507 0.057226 0.066452
0 0.056293 0.047548 0.056098 0.048567 0.055544 0.049431 0.054714 0.050009 0.053736 0.050212 0.052757 0.050009 0.051927 0.049431 0.051373 0.048567 0.051178 0.047548 0.051373 0.046529 0.051927 0.045665 0.052757 0.045087 0.053736 0.044885 0.054714 0.045087 0.055544 0.045665 0.056098 0.046529
0 0.052881 0.053760 0.052672 0.055603 0.052077 0.057166 0.051187 0.058210 0.050136 0.058577 0.049086 0.058210 0.048196 0.057166 0.047601 0.055603 0.047392 0.053760 0.047601 0.051916 0.048196 0.050353 0.049086 0.049309 0.050136 0.048942 0.051187 0.049309 0.052077 0.050353 0.052672 0.051916
0 0.052881 0.062375 0.052665 0.063442 0.052050 0.064347 0.051129 0.064951 0.050043 0.065163 0.048957 0.064951 0.048037 0.064347 0.047421 0.063442 0.047205 0.062375 0.047421 0.061308 0.048037 0.060403 0.048957 0.059799 0.050043 0.059587 0.051129 0.059799 0.052050 0.060403 0.052665 0.061308
0 0.049662 0.067192 0.049461 0.068259 0.048886 0.069164 0.048026 0.069769 0.047011 0.069981 0.045997 0.069769 0.045137 0.069164 0.044562 0.068259 0.044361 0.067192 0.044562 0.066125 0.045137 0.065221 0.045997 0.064616 0.047011 0.064404 0.048026 0.064616 0.048886 0.065221 0.049461 0.066125
0 0.035654 0.066433 0.035409 0.067595 0.034711 0.068581 0.033667 0.069240 0.032435 0.069471 0.031204 0.069240 0.030160 0.068581 0.029462 0.067595 0.029217 0.066433 0.029462 0.065270 0.030160 0.064284 0.031204 0.063626 0.032435 0.063394 0.033667 0.063626 0.034711 0.064284 0.035409 0.065270
0 0.042091 0.069087 0.041831 0.070201 0.041093 0.071147 0.039988 0.071778 0.038685 0.072000 0.037382 0.071778 0.036278 0.071147 0.035539 0.070201 0.035280 0.069087 0.035539 0.067972 0.036278 0.067026 0.037382 0.066395 0.038685 0.066173 0.039988 0.066395 0.041093 0.067026 0.041831 0.067972
0 0.041336 0.078087 0.041127 0.079249 0.040532 0.080235 0.039642 0.080894 0.038592 0.081125 0.037542 0.080894 0.036651 0.080235 0.036057 0.079249 0.035848 0.078087 0.036057 0.076924 0.036651 0.075938 0.037542 0.075279 0.038592 0.075048 0.039642 0.075279 0.040532 0.075938 0.041127 0.076924
0 0.038305 0.083788 0.038002 0.085485 0.037141 0.086923 0.035852 0.087884 0.034332 0.088221 0.032812 0.087884 0.031523 0.086923 0.030662 0.085485 0.030359 0.083788 0.030662 0.082092 0.031523 0.080654 0.032812 0.079693 0.034332 0.079356 0.035852 0.079693 0.037141 0.080654 0.038002 0.082092
0 0.024993 0.058933 0.024797 0.060644 0.024240 0.062094 0.023405 0.063063 0.022421 0.063404 0.021437 0.063063 0.020602 0.062094 0.020045 0.060644 0.019849 0.058933 0.020045 0.057222 0.020602 0.055771 0.021437 0.054802 0.022421 0.054462 0.023405 0.054802 0.024240 0.055771 0.024797 0.057222
0 0.025165 0.066385 0.024996 0.067702 0.024513 0.068819 0.023790 0.069565 0.022938 0.069827 0.022086 0.069565 0.021363 0.068819 0.020881 0.067702 0.020711 0.066385 0.020881 0.065067 0.021363 0.063951 0.022086 0.063204 0.022938 0.062942 0.023790 0.063204 0.024513 0.063951 0.024996 0.065067
0 0.020884 0.066269 0.020701 0.067719 0.020181 0.068948 0.019402 0.069769 0.018484 0.070058 0.017566 0.069769 0.016788 0.068948 0.016267 0.067719 0.016085 0.066269 0.016267 0.064819 0.016788 0.063590 0.017566 0.062769 0.018484 0.062481 0.019402 0.062769 0.020181 0.063590 0.020701 0.064819
0 0.018829 0.071885 0.018633 0.073379 0.018076 0.074645 0.017241 0.075491 0.016257 0.075788 0.015273 0.075491 0.014439 0.074645 0.013881 0.073379 0.013685 0.071885 0.013881 0.070391 0.014439 0.069124 0.015273 0.068278 0.016257 0.067981 0.017241 0.068278 0.018076 0.069124 0.018633 0.070391
0 0.094152 0.137500 0.093952 0.138622 0.093382 0.139574 0.092529 0.140209 0.091523 0.140433 0.090517 0.140209 0.089664 0.139574 0.089094 0.138622 0.088894 0.137500 0.089094 0.136378 0.089664 0.135426 0.090517 0.134791 0.091523 0.134567 0.092529 0.134791 0.093382 0.135426 0.093952 0.136378
0 0.091961 0.142000 0.091650 0.143571 0.090764 0.144903 0.089438 0.145793 0.087874 0.146106 0.086309 0.145793 0.084983 0.144903 0.084097 0.143571 0.083786 0.142000 0.084097 0.140429 0.084983 0.139097 0.086309 0.138207 0.087874 0.137894 0.089438 0.138207 0.090764 0.139097 0.091650 0.140429
0 0.112076 0.100894 0.111842 0.102134 0.111173 0.103186 0.110174 0.103888 0.108994 0.104135 0.107815 0.103888 0.106815 0.103186 0.106147 0.102134 0.105912 0.100894 0.106147 0.099654 0.106815 0.098603 0.107815 0.097901 0.108994 0.097654 0.110174 0.097901 0.111173 0.098603 0.111842 0.099654
0 0.114935 0.104423 0.114743 0.105549 0.114195 0.106504 0.113374 0.107141 0.112407 0.107365 0.111439 0.107141 0.110619 0.106504 0.110070 0.105549 0.109878 0.104423 0.110070 0.103297 0.110619 0.102343 0.111439 0.101705 0.112407 0.101481 0.113374 0.101705 0.114195 0.102343 0.114743 0.103297
0 0.072773 0.147683 0.072582 0.148934 0.072039 0.149994 0.071225 0.150703 0.070266 0.150952 0.069306 0.150703 0.068493 0.149994 0.067949 0.148934 0.067759 0.147683 0.067949 0.146432 0.068493 0.145371 0.069306 0.144662 0.070266 0.144413 0.071225 0.144662 0.072039 0.145371 0.072582 0.146432