2 0.097443 0.083423 0.097224 0.084858 0.096601 0.086075 0.095669 0.086888 0.094569 0.087173 0.093469 0.086888 0.092537 0.086075 0.091914 0.084858 0.091695 0.083423 0.091914 0.081988 0.092537 0.080771 0.093469 0.079959 0.094569 0.079673 0.095669 0.079959 0.096601 0.080771 0.097224 0.081988
2 0.062062 0.095962 0.061931 0.097110 0.061557 0.098083 0.060997 0.098733 0.060338 0.098962 0.059678 0.098733 0.059118 0.098083 0.058745 0.097110 0.058614 0.095962 0.058745 0.094813 0.059118 0.093840 0.059678 0.093190 0.060338 0.092962 0.060997 0.093190 0.061557 0.093840 0.061931 0.094813
5 0.056262 0.091025 0.047124 0.092640 0.047689 0.098360 0.056827 0.096744
5 0.054449 0.101981 0.050483 0.124126 0.054675 0.125470 0.058640 0.103326
5 0.063887 0.095321 0.068707 0.102706 0.071953 0.098910 0.067133 0.091525
5 0.072778 0.088456 0.088812 0.089840 0.089090 0.084083 0.073055 0.082698
2 0.071365 0.080048 0.071221 0.081284 0.070809 0.082333 0.070194 0.083033 0.069468 0.083279 0.068743 0.083033 0.068127 0.082333 0.067716 0.081284 0.067572 0.080048 0.067716 0.078812 0.068127 0.077764 0.068743 0.077063 0.069468 0.076817 0.070194 0.077063 0.070809 0.077764 0.071221 0.078812
5 0.071159 0.078376 0.077021 0.068453 0.073640 0.064874 0.067778 0.074797
5 0.068395 0.073369 0.061153 0.063907 0.058143 0.068035 0.065384 0.077497
5 0.059862 0.080854 0.054000 0.064710 0.050123 0.067232 0.055985 0.083376
2 0.066882 0.085240 0.066771 0.086256 0.066453 0.087117 0.065977 0.087692 0.065417 0.087894 0.064856 0.087692 0.064380 0.087117 0.064063 0.086256 0.063951 0.085240 0.064063 0.084225 0.064380 0.083364 0.064856 0.082789 0.065417 0.082587 0.065977 0.082789 0.066453 0.083364 0.066771 0.084225
2 0.069605 0.089442 0.069436 0.090741 0.068955 0.091842 0.068235 0.092578 0.067385 0.092837 0.066536 0.092578 0.065815 0.091842 0.065334 0.090741 0.065165 0.089442 0.065334 0.088143 0.065815 0.087042 0.066536 0.086306 0.067385 0.086048 0.068235 0.086306 0.068955 0.087042 0.069436 0.088143
2 0.067069 0.090288 0.066924 0.091587 0.066511 0.092689 0.065894 0.093424 0.065165 0.093683 0.064437 0.093424 0.063819 0.092689 0.063406 0.091587 0.063261 0.090288 0.063406 0.088990 0.063819 0.087888 0.064437 0.087153 0.065165 0.086894 0.065894 0.087153 0.066511 0.087888 0.066924 0.088990
2 0.068578 0.078817 0.068440 0.080087 0.068047 0.081163 0.067460 0.081882 0.066767 0.082135 0.066074 0.081882 0.065487 0.081163 0.065095 0.080087 0.064957 0.078817 0.065095 0.077548 0.065487 0.076472 0.066074 0.075753 0.066767 0.075500 0.067460 0.075753 0.068047 0.076472 0.068440 0.077548
2 0.072780 0.084558 0.072635 0.085389 0.072220 0.086094 0.071601 0.086565 0.070869 0.086731 0.070138 0.086565 0.069518 0.086094 0.069104 0.085389 0.068958 0.084558 0.069104 0.083726 0.069518 0.083021 0.070138 0.082550 0.070869 0.082385 0.071601 0.082550 0.072220 0.083021 0.072635 0.083726
2 0.057730 0.084683 0.057572 0.085787 0.057124 0.086722 0.056453 0.087348 0.055661 0.087567 0.054869 0.087348 0.054198 0.086722 0.053749 0.085787 0.053592 0.084683 0.053749 0.083579 0.054198 0.082643 0.054869 0.082018 0.055661 0.081798 0.056453 0.082018 0.057124 0.082643 0.057572 0.083579
2 0.060489 0.084452 0.060338 0.085644 0.059908 0.086655 0.059265 0.087330 0.058506 0.087567 0.057747 0.087330 0.057104 0.086655 0.056674 0.085644 0.056523 0.084452 0.056674 0.083260 0.057104 0.082249 0.057747 0.081574 0.058506 0.081337 0.059265 0.081574 0.059908 0.082249 0.060338 0.083260
2 0.060833 0.100154 0.060617 0.101523 0.060000 0.102683 0.059077 0.103458 0.057989 0.103731 0.056900 0.103458 0.055977 0.102683 0.055360 0.101523 0.055144 0.100154 0.055360 0.098785 0.055977 0.097625 0.056900 0.096849 0.057989 0.096577 0.059077 0.096849 0.060000 0.097625 0.060617 0.098785
2 0.110122 0.085000 0.109943 0.086056 0.109432 0.086951 0.108668 0.087550 0.107766 0.087760 0.106864 0.087550 0.106100 0.086951 0.105589 0.086056 0.105409 0.085000 0.105589 0.083944 0.106100 0.083049 0.106864 0.082450 0.107766 0.082240 0.108668 0.082450 0.109432 0.083049 0.109943 0.083944
2 0.061372 0.090202 0.061215 0.091262 0.060766 0.092160 0.060095 0.092760 0.059303 0.092971 0.058511 0.092760 0.057840 0.092160 0.057392 0.091262 0.057234 0.090202 0.057392 0.089142 0.057840 0.088244 0.058511 0.087643 0.059303 0.087433 0.060095 0.087643 0.060766 0.088244 0.061215 0.089142
2 0.106580 0.082231 0.106424 0.083136 0.105977 0.083903 0.105308 0.084416 0.104519 0.084596 0.103730 0.084416 0.103061 0.083903 0.102614 0.083136 0.102457 0.082231 0.102614 0.081326 0.103061 0.080558 0.103730 0.080045 0.104519 0.079865 0.105308 0.080045 0.105977 0.080558 0.106424 0.081326
2 0.101968 0.084615 0.101762 0.085826 0.101175 0.086852 0.100296 0.087538 0.099260 0.087779 0.098224 0.087538 0.097345 0.086852 0.096758 0.085826 0.096552 0.084615 0.096758 0.083405 0.097345 0.082378 0.098224 0.081693 0.099260 0.081452 0.100296 0.081693 0.101175 0.082378 0.101762 0.083405
2 0.111853 0.089942 0.111710 0.091039 0.111300 0.091968 0.110687 0.092590 0.109964 0.092808 0.109241 0.092590 0.108628 0.091968 0.108219 0.091039 0.108075 0.089942 0.108219 0.088846 0.108628 0.087916 0.109241 0.087295 0.109964 0.087077 0.110687 0.087295 0.111300 0.087916 0.111710 0.088846
2 0.109346 0.090048 0.109165 0.091104 0.108650 0.091999 0.107878 0.092598 0.106968 0.092808 0.106058 0.092598 0.105287 0.091999 0.104772 0.091104 0.104591 0.090048 0.104772 0.088992 0.105287 0.088097 0.106058 0.087499 0.106968 0.087288 0.107878 0.087499 0.108650 0.088097 0.109165 0.088992
2 0.110309 0.097548 0.110086 0.098858 0.109450 0.099969 0.108500 0.100711 0.107378 0.100971 0.106256 0.100711 0.105305 0.099969 0.104670 0.098858 0.104447 0.097548 0.104670 0.096238 0.105305 0.095128 0.106256 0.094386 0.107378 0.094125 0.108500 0.094386 0.109450 0.095128 0.110086 0.096238
2 0.115424 0.095019 0.115208 0.096716 0.114593 0.098154 0.113672 0.099115 0.112586 0.099452 0.111500 0.099115 0.110580 0.098154 0.109965 0.096716 0.109749 0.095019 0.109965 0.093323 0.110580 0.091885 0.111500 0.090924 0.112586 0.090587 0.113672 0.090924 0.114593 0.091885 0.115208 0.093323
2 0.045963 0.004577 0.045761 0.005983 0.045186 0.007174 0.044326 0.007970 0.043312 0.008250 0.042297 0.007970 0.041437 0.007174 0.040863 0.005983 0.040661 0.004577 0.040863 0.003171 0.041437 0.001980 0.042297 0.001183 0.043312 0.000904 0.044326 0.001183 0.045186 0.001980 0.045761 0.003171
2 0.046710 0.011538 0.046523 0.012896 0.045990 0.014047 0.045193 0.014816 0.044253 0.015087 0.043313 0.014816 0.042516 0.014047 0.041983 0.012896 0.041796 0.011538 0.041983 0.010181 0.042516 0.009030 0.043313 0.008260 0.044253 0.007990 0.045193 0.008260 0.045990 0.009030 0.046523 0.010181
2 0.093398 0.145731 0.093175 0.147276 0.092542 0.148586 0.091593 0.149462 0.090474 0.149769 0.089355 0.149462 0.088407 0.148586 0.087773 0.147276 0.087550 0.145731 0.087773 0.144185 0.088407 0.142875 0.089355 0.142000 0.090474 0.141692 0.091593 0.142000 0.092542 0.142875 0.093175 0.144185
2 0.095280 0.151952 0.095076 0.153538 0.094495 0.154882 0.093626 0.155781 0.092601 0.156096 0.091575 0.155781 0.090706 0.154882 0.090125 0.153538 0.089921 0.151952 0.090125 0.150366 0.090706 0.149022 0.091575 0.148123 0.092601 0.147808 0.093626 0.148123 0.094495 0.149022 0.095076 0.150366
2 0.041228 0.199173 0.040993 0.200652 0.040322 0.201906 0.039317 0.202744 0.038132 0.203038 0.036947 0.202744 0.035943 0.201906 0.035272 0.200652 0.035036 0.199173 0.035272 0.197694 0.035943 0.196440 0.036947 0.195602 0.038132 0.195308 0.039317 0.195602 0.040322 0.196440 0.040993 0.197694
2 0.134080 0.112731 0.133829 0.114103 0.133113 0.115267 0.132040 0.116044 0.130776 0.116317 0.129511 0.116044 0.128439 0.115267 0.127723 0.114103 0.127471 0.112731 0.127723 0.111358 0.128439 0.110195 0.129511 0.109417 0.130776 0.109144 0.132040 0.109417 0.133113 0.110195 0.133829 0.111358
2 0.137004 0.053865 0.136783 0.055116 0.136152 0.056177 0.135208 0.056886 0.134095 0.057135 0.132981 0.056886 0.132038 0.056177 0.131407 0.055116 0.131185 0.053865 0.131407 0.052614 0.132038 0.051554 0.132981 0.050845 0.134095 0.050596 0.135208 0.050845 0.136152 0.051554 0.136783 0.052614
2 0.142443 0.058269 0.142147 0.059896 0.141306 0.061274 0.140048 0.062196 0.138563 0.062519 0.137079 0.062196 0.135820 0.061274 0.134979 0.059896 0.134684 0.058269 0.134979 0.056643 0.135820 0.055264 0.137079 0.054343 0.138563 0.054019 0.140048 0.054343 0.141306 0.055264 0.142147 0.056643
5 0.104494 0.098898 0.099494 0.110427 0.103222 0.113323 0.108222 0.101794
5 0.091905 0.140869 0.091388 0.134542 0.087103 0.135170 0.087621 0.141496