2 0.165029 0.037317 0.164745 0.038907 0.163937 0.040255 0.162727 0.041155 0.161300 0.041471 0.159873 0.041155 0.158664 0.040255 0.157856 0.038907 0.157572 0.037317 0.157856 0.035728 0.158664 0.034380 0.159873 0.033480 0.161300 0.033163 0.162727 0.033480 0.163937 0.034380 0.164745 0.035728
2 0.159641 0.035933 0.159405 0.037416 0.158732 0.038673 0.157725 0.039513 0.156537 0.039808 0.155350 0.039513 0.154343 0.038673 0.153670 0.037416 0.153434 0.035933 0.153670 0.034450 0.154343 0.033193 0.155350 0.032353 0.156537 0.032058 0.157725 0.032353 0.158732 0.033193 0.159405 0.034450
5 0.154692 0.037768 0.149268 0.060501 0.150920 0.068818 0.155086 0.067336 0.153390 0.060693 0.158771 0.039635
0 0.164274 0.062106 0.164033 0.063151 0.163344 0.064037 0.162314 0.064629 0.161099 0.064837 0.159884 0.064629 0.158854 0.064037 0.158166 0.063151 0.157924 0.062106 0.158166 0.061061 0.158854 0.060175 0.159884 0.059583 0.161099 0.059375 0.162314 0.059583 0.163344 0.060175 0.164033 0.061061
0 0.158606 0.058010 0.158460 0.059577 0.158042 0.060906 0.157418 0.061794 0.156681 0.062106 0.155944 0.061794 0.155320 0.060906 0.154902 0.059577 0.154756 0.058010 0.154902 0.056442 0.155320 0.055113 0.155944 0.054225 0.156681 0.053913 0.157418 0.054225 0.158042 0.055113 0.158460 0.056442
0 0.157931 0.051038 0.157776 0.052374 0.157333 0.053507 0.156672 0.054263 0.155891 0.054529 0.155110 0.054263 0.154448 0.053507 0.154006 0.052374 0.153851 0.051038 0.154006 0.049703 0.154448 0.048570 0.155110 0.047814 0.155891 0.047548 0.156672 0.047814 0.157333 0.048570 0.157776 0.049703
0 0.159059 0.065904 0.158921 0.067471 0.158529 0.068800 0.157941 0.069688 0.157249 0.070000 0.156556 0.069688 0.155968 0.068800 0.155576 0.067471 0.155438 0.065904 0.155576 0.064336 0.155968 0.063007 0.156556 0.062119 0.157249 0.061808 0.157941 0.062119 0.158529 0.063007 0.158921 0.064336
0 0.157701 0.076519 0.157511 0.078436 0.156971 0.080062 0.156162 0.081148 0.155208 0.081529 0.154254 0.081148 0.153446 0.080062 0.152905 0.078436 0.152716 0.076519 0.152905 0.074602 0.153446 0.072977 0.154254 0.071891 0.155208 0.071510 0.156162 0.071891 0.156971 0.072977 0.157511 0.074602
0 0.155431 0.069385 0.155259 0.070661 0.154768 0.071744 0.154034 0.072467 0.153168 0.072721 0.152302 0.072467 0.151568 0.071744 0.151077 0.070661 0.150905 0.069385 0.151077 0.068108 0.151568 0.067025 0.152302 0.066302 0.153168 0.066048 0.154034 0.066302 0.154768 0.067025 0.155259 0.068108
0 0.154303 0.049519 0.154113 0.050737 0.153573 0.051770 0.152764 0.052460 0.151810 0.052702 0.150856 0.052460 0.150048 0.051770 0.149507 0.050737 0.149318 0.049519 0.149507 0.048301 0.150048 0.047269 0.150856 0.046579 0.151810 0.046337 0.152764 0.046579 0.153573 0.047269 0.154113 0.048301
0 0.171523 0.049971 0.171212 0.051016 0.170328 0.051902 0.169004 0.052494 0.167443 0.052702 0.165881 0.052494 0.164557 0.051902 0.163673 0.051016 0.163362 0.049971 0.163673 0.048926 0.164557 0.048040 0.165881 0.047448 0.167443 0.047240 0.169004 0.047448 0.170328 0.048040 0.171212 0.048926
0 0.164045 0.048308 0.163889 0.049180 0.163447 0.049919 0.162785 0.050413 0.162004 0.050587 0.161224 0.050413 0.160562 0.049919 0.160119 0.049180 0.159964 0.048308 0.160119 0.047436 0.160562 0.046696 0.161224 0.046202 0.162004 0.046029 0.162785 0.046202 0.163447 0.046696 0.163889 0.047436
0 0.167672 0.030865 0.167439 0.032260 0.166776 0.033442 0.165783 0.034232 0.164612 0.034510 0.163441 0.034232 0.162448 0.033442 0.161785 0.032260 0.161552 0.030865 0.161785 0.029471 0.162448 0.028289 0.163441 0.027499 0.164612 0.027221 0.165783 0.027499 0.166776 0.028289 0.167439 0.029471
0 0.156343 0.026317 0.156007 0.027594 0.155049 0.028677 0.153616 0.029400 0.151925 0.029654 0.150235 0.029400 0.148801 0.028677 0.147843 0.027594 0.147507 0.026317 0.147843 0.025040 0.148801 0.023958 0.150235 0.023235 0.151925 0.022981 0.153616 0.023235 0.155049 0.023958 0.156007 0.025040
0 0.150453 0.081519 0.150297 0.082564 0.149855 0.083450 0.149193 0.084042 0.148412 0.084250 0.147632 0.084042 0.146970 0.083450 0.146527 0.082564 0.146372 0.081519 0.146527 0.080474 0.146970 0.079588 0.147632 0.078996 0.148412 0.078788 0.149193 0.078996 0.149855 0.079588 0.150297 0.080474
0 0.147500 0.085010 0.147328 0.086114 0.146837 0.087049 0.146103 0.087675 0.145237 0.087894 0.144371 0.087675 0.143637 0.087049 0.143146 0.086114 0.142974 0.085010 0.143146 0.083906 0.143637 0.082970 0.144371 0.082345 0.145237 0.082125 0.146103 0.082345 0.146837 0.082970 0.147328 0.083906
0 0.142062 0.029500 0.141872 0.031299 0.141332 0.032825 0.140523 0.033844 0.139569 0.034202 0.138615 0.033844 0.137806 0.032825 0.137266 0.031299 0.137076 0.029500 0.137266 0.027701 0.137806 0.026175 0.138615 0.025156 0.139569 0.024798 0.140523 0.025156 0.141332 0.026175 0.141872 0.027701
0 0.141839 0.021010 0.141675 0.022577 0.141208 0.023906 0.140509 0.024794 0.139684 0.025106 0.138859 0.024794 0.138160 0.023906 0.137693 0.022577 0.137529 0.021010 0.137693 0.019442 0.138160 0.018113 0.138859 0.017225 0.139684 0.016913 0.140509 0.017225 0.141208 0.018113 0.141675 0.019442
0 0.137981 0.082125 0.137809 0.083865 0.137319 0.085341 0.136584 0.086327 0.135718 0.086673 0.134852 0.086327 0.134118 0.085341 0.133628 0.083865 0.133455 0.082125 0.133628 0.080385 0.134118 0.078909 0.134852 0.077923 0.135718 0.077577 0.136584 0.077923 0.137319 0.078909 0.137809 0.080385
0 0.137981 0.074692 0.137844 0.075910 0.137451 0.076943 0.136864 0.077633 0.136171 0.077875 0.135478 0.077633 0.134891 0.076943 0.134498 0.075910 0.134361 0.074692 0.134498 0.073474 0.134891 0.072442 0.135478 0.071752 0.136171 0.071510 0.136864 0.071752 0.137451 0.072442 0.137844 0.073474
0 0.064569 0.208096 0.064335 0.209671 0.063668 0.211006 0.062671 0.211898 0.061494 0.212212 0.060318 0.211898 0.059320 0.211006 0.058654 0.209671 0.058420 0.208096 0.058654 0.206521 0.059320 0.205186 0.060318 0.204294 0.061494 0.203981 0.062671 0.204294 0.063668 0.205186 0.064335 0.206521
0 0.047816 0.189327 0.047621 0.190729 0.047065 0.191917 0.046233 0.192712 0.045251 0.192990 0.044270 0.192712 0.043438 0.191917 0.042882 0.190729 0.042687 0.189327 0.042882 0.187925 0.043438 0.186736 0.044270 0.185942 0.045251 0.185663 0.046233 0.185942 0.047065 0.186736 0.047621 0.187925
0 0.043376 0.188413 0.043116 0.189466 0.042375 0.190358 0.041265 0.190954 0.039957 0.191163 0.038648 0.190954 0.037539 0.190358 0.036798 0.189466 0.036537 0.188413 0.036798 0.187361 0.037539 0.186469 0.038648 0.185873 0.039957 0.185663 0.041265 0.185873 0.042375 0.186469 0.043116 0.187361
0 0.053635 0.183837 0.053297 0.184889 0.052333 0.185781 0.050890 0.186377 0.049188 0.186587 0.047486 0.186377 0.046044 0.185781 0.045080 0.184889 0.044741 0.183837 0.045080 0.182784 0.046044 0.181892 0.047486 0.181296 0.049188 0.181087 0.050890 0.181296 0.052333 0.181892 0.053297 0.182784
0 0.046789 0.166904 0.046555 0.168129 0.045888 0.169168 0.044891 0.169862 0.043714 0.170106 0.042537 0.169862 0.041540 0.169168 0.040873 0.168129 0.040639 0.166904 0.040873 0.165679 0.041540 0.164640 0.042537 0.163946 0.043714 0.163702 0.044891 0.163946 0.045888 0.164640 0.046555 0.165679
0 0.087141 0.179029 0.086894 0.180342 0.086190 0.181456 0.085136 0.182200 0.083894 0.182462 0.082651 0.182200 0.081598 0.181456 0.080894 0.180342 0.080647 0.179029 0.080894 0.177715 0.081598 0.176602 0.082651 0.175857 0.083894 0.175596 0.085136 0.175857 0.086190 0.176602 0.086894 0.177715
0 0.091932 0.178577 0.091724 0.179714 0.091131 0.180678 0.090243 0.181322 0.089195 0.181548 0.088148 0.181322 0.087260 0.180678 0.086667 0.179714 0.086458 0.178577 0.086667 0.177440 0.087260 0.176476 0.088148 0.175832 0.089195 0.175606 0.090243 0.175832 0.091131 0.176476 0.091724 0.177440
0 0.096710 0.169423 0.096476 0.170913 0.095809 0.172177 0.094812 0.173021 0.093635 0.173317 0.092458 0.173021 0.091461 0.172177 0.090794 0.170913 0.090560 0.169423 0.090794 0.167933 0.091461 0.166669 0.092458 0.165825 0.093635 0.165529 0.094812 0.165825 0.095809 0.166669 0.096476 0.167933
0 0.006782 0.109923 0.006613 0.111237 0.006131 0.112350 0.005411 0.113094 0.004562 0.113356 0.003712 0.113094 0.002992 0.112350 0.002511 0.111237 0.002342 0.109923 0.002511 0.108609 0.002992 0.107496 0.003712 0.106752 0.004562 0.106490 0.005411 0.106752 0.006131 0.107496 0.006613 0.108609
0 0.008154 0.066673 0.007945 0.068248 0.007352 0.069583 0.006464 0.070475 0.005417 0.070788 0.004369 0.070475 0.003481 0.069583 0.002888 0.068248 0.002680 0.066673 0.002888 0.065098 0.003481 0.063763 0.004369 0.062871 0.005417 0.062558 0.006464 0.062871 0.007352 0.063763 0.007945 0.065098
0 0.026480 0.079029 0.026285 0.080431 0.025729 0.081619 0.024897 0.082413 0.023915 0.082692 0.022934 0.082413 0.022102 0.081619 0.021546 0.080431 0.021351 0.079029 0.021546 0.077627 0.022102 0.076438 0.022934 0.075644 0.023915 0.075365 0.024897 0.075644 0.025729 0.076438 0.026285 0.077627
0 0.024756 0.067404 0.024582 0.068379 0.024087 0.069206 0.023345 0.069758 0.022471 0.069952 0.021597 0.069758 0.020856 0.069206 0.020361 0.068379 0.020187 0.067404 0.020361 0.066429 0.020856 0.065602 0.021597 0.065050 0.022471 0.064856 0.023345 0.065050 0.024087 0.065602 0.024582 0.066429
0 0.021961 0.071654 0.021816 0.072956 0.021404 0.074061 0.020786 0.074799 0.020057 0.075058 0.019329 0.074799 0.018711 0.074061 0.018299 0.072956 0.018154 0.071654 0.018299 0.070351 0.018711 0.069247 0.019329 0.068509 0.020057 0.068250 0.020786 0.068509 0.021404 0.069247 0.021816 0.070351
0 0.020690 0.066721 0.020555 0.067696 0.020170 0.068523 0.019594 0.069075 0.018915 0.069269 0.018236 0.069075 0.017661 0.068523 0.017276 0.067696 0.017141 0.066721 0.017276 0.065746 0.017661 0.064919 0.018236 0.064367 0.018915 0.064173 0.019594 0.064367 0.020170 0.064919 0.020555 0.065746
0 0.018154 0.062817 0.017999 0.063859 0.017558 0.064741 0.016899 0.065331 0.016121 0.065538 0.015343 0.065331 0.014683 0.064741 0.014242 0.063859 0.014088 0.062817 0.014242 0.061776 0.014683 0.060893 0.015343 0.060303 0.016121 0.060096 0.016899 0.060303 0.017558 0.060893 0.017999 0.061776
0 0.038980 0.074029 0.038757 0.075199 0.038124 0.076191 0.037175 0.076854 0.036056 0.077087 0.034937 0.076854 0.033989 0.076191 0.033355 0.075199 0.033132 0.074029 0.033355 0.072859 0.033989 0.071867 0.034937 0.071204 0.036056 0.070971 0.037175 0.071204 0.038124 0.071867 0.038757 0.072859
0 0.044318 0.069615 0.044095 0.070657 0.043461 0.071540 0.042513 0.072129 0.041394 0.072337 0.040275 0.072129 0.039326 0.071540 0.038692 0.070657 0.038470 0.069615 0.038692 0.068574 0.039326 0.067691 0.040275 0.067101 0.041394 0.066894 0.042513 0.067101 0.043461 0.067691 0.044095 0.068574
0 0.038470 0.066048 0.038286 0.067156 0.037763 0.068095 0.036980 0.068722 0.036056 0.068942 0.035132 0.068722 0.034349 0.068095 0.033826 0.067156 0.033642 0.066048 0.033826 0.064941 0.034349 0.064002 0.035132 0.063374 0.036056 0.063154 0.036980 0.063374 0.037763 0.064002 0.038286 0.064941
0 0.137536 0.108885 0.137304 0.110121 0.136644 0.111169 0.135656 0.111869 0.134490 0.112115 0.133324 0.111869 0.132336 0.111169 0.131676 0.110121 0.131444 0.108885 0.131676 0.107648 0.132336 0.106600 0.133324 0.105900 0.134490 0.105654 0.135656 0.105900 0.136644 0.106600 0.137304 0.107648
0 0.131437 0.109731 0.131253 0.111033 0.130730 0.112138 0.129947 0.112876 0.129023 0.113135 0.128099 0.112876 0.127316 0.112138 0.126793 0.111033 0.126609 0.109731 0.126793 0.108428 0.127316 0.107324 0.128099 0.106586 0.129023 0.106327 0.129947 0.106586 0.130730 0.107324 0.131253 0.108428
0 0.125345 0.119423 0.125035 0.120531 0.124154 0.121470 0.122835 0.122097 0.121279 0.122317 0.119723 0.122097 0.118404 0.121470 0.117522 0.120531 0.117213 0.119423 0.117522 0.118316 0.118404 0.117377 0.119723 0.116749 0.121279 0.116529 0.122835 0.116749 0.124154 0.117377 0.125035 0.118316
0 0.117213 0.120269 0.117000 0.121439 0.116394 0.122431 0.115488 0.123094 0.114418 0.123327 0.113349 0.123094 0.112442 0.122431 0.111836 0.121439 0.111624 0.120269 0.111836 0.119099 0.112442 0.118107 0.113349 0.117444 0.114418 0.117212 0.115488 0.117444 0.116394 0.118107 0.117000 0.119099
0 0.109088 0.090356 0.108875 0.091526 0.108269 0.092518 0.107363 0.093181 0.106293 0.093413 0.105224 0.093181 0.104317 0.092518 0.103711 0.091526 0.103499 0.090356 0.103711 0.089186 0.104317 0.088194 0.105224 0.087531 0.106293 0.087298 0.107363 0.087531 0.108269 0.088194 0.108875 0.089186
0 0.104260 0.088817 0.104037 0.090054 0.103404 0.091102 0.102455 0.091802 0.101336 0.092048 0.100217 0.091802 0.099269 0.091102 0.098635 0.090054 0.098412 0.088817 0.098635 0.087581 0.099269 0.086533 0.100217 0.085832 0.101336 0.085587 0.102455 0.085832 0.103404 0.086533 0.104037 0.087581
0 0.110611 0.078962 0.110398 0.080198 0.109792 0.081246 0.108886 0.081946 0.107816 0.082192 0.106747 0.081946 0.105840 0.081246 0.105234 0.080198 0.105022 0.078962 0.105234 0.077725 0.105840 0.076677 0.106747 0.075977 0.107816 0.075731 0.108886 0.075977 0.109792 0.076677 0.110398 0.077725
0 0.045330 0.091538 0.044886 0.092775 0.043620 0.093823 0.041725 0.094523 0.039490 0.094769 0.037255 0.094523 0.035360 0.093823 0.034094 0.092775 0.033649 0.091538 0.034094 0.090302 0.035360 0.089254 0.037255 0.088554 0.039490 0.088308 0.041725 0.088554 0.043620 0.089254 0.044886 0.090302
0 0.050661 0.087635 0.050390 0.088937 0.049619 0.090041 0.048466 0.090779 0.047105 0.091038 0.045744 0.090779 0.044590 0.090041 0.043820 0.088937 0.043549 0.087635 0.043820 0.086332 0.044590 0.085228 0.045744 0.084490 0.047105 0.084231 0.048466 0.084490 0.049619 0.085228 0.050390 0.086332
0 0.060575 0.086615 0.060168 0.087786 0.059011 0.088777 0.057280 0.089440 0.055237 0.089673 0.053194 0.089440 0.051463 0.088777 0.050306 0.087786 0.049899 0.086615 0.050306 0.085445 0.051463 0.084453 0.053194 0.083790 0.055237 0.083558 0.057280 0.083790 0.059011 0.084453 0.060168 0.085445
0 0.084447 0.084577 0.084186 0.085747 0.083443 0.086739 0.082331 0.087402 0.081020 0.087635 0.079709 0.087402 0.078597 0.086739 0.077854 0.085747 0.077593 0.084577 0.077854 0.083407 0.078597 0.082415 0.079709 0.081752 0.081020 0.081519 0.082331 0.081752 0.083443 0.082415 0.084186 0.083407
0 0.078606 0.083721 0.078413 0.084829 0.077861 0.085768 0.077036 0.086395 0.076063 0.086615 0.075090 0.086395 0.074265 0.085768 0.073714 0.084829 0.073520 0.083721 0.073714 0.082614 0.074265 0.081675 0.075090 0.081047 0.076063 0.080827 0.077036 0.081047 0.077861 0.081675 0.078413 0.082614
0 0.063111 0.081346 0.062917 0.082844 0.062366 0.084113 0.061541 0.084962 0.060568 0.085260 0.059594 0.084962 0.058769 0.084113 0.058218 0.082844 0.058024 0.081346 0.058218 0.079849 0.058769 0.078579 0.059594 0.077731 0.060568 0.077433 0.061541 0.077731 0.062366 0.078579 0.062917 0.079849
0 0.064382 0.074712 0.064140 0.076014 0.063452 0.077118 0.062422 0.077856 0.061207 0.078115 0.059992 0.077856 0.058962 0.077118 0.058273 0.076014 0.058032 0.074712 0.058273 0.073409 0.058962 0.072305 0.059992 0.071567 0.061207 0.071308 0.062422 0.071567 0.063452 0.072305 0.064140 0.073409
0 0.063614 0.068087 0.063411 0.069323 0.062833 0.070371 0.061968 0.071071 0.060948 0.071317 0.059928 0.071071 0.059064 0.070371 0.058486 0.069323 0.058283 0.068087 0.058486 0.066850 0.059064 0.065802 0.059928 0.065102 0.060948 0.064856 0.061968 0.065102 0.062833 0.065802 0.063411 0.066850
0 0.055999 0.063154 0.055825 0.064195 0.055329 0.065078 0.054588 0.065668 0.053714 0.065875 0.052840 0.065668 0.052099 0.065078 0.051603 0.064195 0.051430 0.063154 0.051603 0.062113 0.052099 0.061230 0.052840 0.060640 0.053714 0.060433 0.054588 0.060640 0.055329 0.061230 0.055825 0.062113
0 0.055489 0.056692 0.055305 0.058124 0.054782 0.059337 0.053998 0.060148 0.053075 0.060433 0.052151 0.060148 0.051368 0.059337 0.050845 0.058124 0.050661 0.056692 0.050845 0.055261 0.051368 0.054047 0.052151 0.053237 0.053075 0.052952 0.053998 0.053237 0.054782 0.054047 0.055305 0.055261
0 0.065905 0.062308 0.065712 0.064063 0.065160 0.065551 0.064335 0.066545 0.063362 0.066894 0.062389 0.066545 0.061564 0.065551 0.061013 0.064063 0.060819 0.062308 0.061013 0.060553 0.061564 0.059065 0.062389 0.058070 0.063362 0.057721 0.064335 0.058070 0.065160 0.059065 0.065712 0.060553
0 0.064382 0.055846 0.064189 0.056821 0.063637 0.057648 0.062812 0.058200 0.061839 0.058394 0.060866 0.058200 0.060041 0.057648 0.059490 0.056821 0.059296 0.055846 0.059490 0.054871 0.060041 0.054044 0.060866 0.053492 0.061839 0.053298 0.062812 0.053492 0.063637 0.054044 0.064189 0.054871
0 0.068190 0.054144 0.068016 0.055642 0.067521 0.056911 0.066779 0.057760 0.065905 0.058058 0.065031 0.057760 0.064290 0.056911 0.063795 0.055642 0.063621 0.054144 0.063795 0.052647 0.064290 0.051377 0.065031 0.050529 0.065905 0.050231 0.066779 0.050529 0.067521 0.051377 0.068016 0.052647
0 0.071494 0.051087 0.071339 0.052194 0.070899 0.053133 0.070239 0.053760 0.069461 0.053981 0.068683 0.053760 0.068024 0.053133 0.067583 0.052194 0.067428 0.051087 0.067583 0.049979 0.068024 0.049040 0.068683 0.048413 0.069461 0.048192 0.070239 0.048413 0.070899 0.049040 0.071339 0.049979
0 0.073269 0.047683 0.073095 0.048658 0.072600 0.049484 0.071858 0.050037 0.070984 0.050231 0.070110 0.050037 0.069369 0.049484 0.068874 0.048658 0.068700 0.047683 0.068874 0.046708 0.069369 0.045881 0.070110 0.045329 0.070984 0.045135 0.071858 0.045329 0.072600 0.045881 0.073095 0.046708
0 0.072759 0.042077 0.072614 0.043380 0.072201 0.044484 0.071583 0.045222 0.070855 0.045481 0.070126 0.045222 0.069509 0.044484 0.069096 0.043380 0.068951 0.042077 0.069096 0.040774 0.069509 0.039670 0.070126 0.038932 0.070855 0.038673 0.071583 0.038932 0.072201 0.039670 0.072614 0.040774
0 0.072507 0.035788 0.072362 0.036896 0.071950 0.037835 0.071332 0.038462 0.070603 0.038683 0.069875 0.038462 0.069257 0.037835 0.068845 0.036896 0.068700 0.035788 0.068845 0.034681 0.069257 0.033742 0.069875 0.033115 0.070603 0.032894 0.071332 0.033115 0.071950 0.033742 0.072362 0.034681
0 0.078865 0.069269 0.078642 0.070572 0.078009 0.071676 0.077060 0.072414 0.075941 0.072673 0.074822 0.072414 0.073874 0.071676 0.073240 0.070572 0.073017 0.069269 0.073240 0.067967 0.073874 0.066862 0.074822 0.066124 0.075941 0.065865 0.077060 0.066124 0.078009 0.066862 0.078642 0.067967
0 0.079878 0.058394 0.079684 0.059954 0.079133 0.061277 0.078308 0.062161 0.077335 0.062471 0.076362 0.062161 0.075537 0.061277 0.074985 0.059954 0.074792 0.058394 0.074985 0.056834 0.075537 0.055511 0.076362 0.054628 0.077335 0.054317 0.078308 0.054628 0.079133 0.055511 0.079684 0.056834
0 0.086221 0.052106 0.086047 0.053603 0.085552 0.054873 0.084811 0.055721 0.083937 0.056019 0.083063 0.055721 0.082321 0.054873 0.081826 0.053603 0.081652 0.052106 0.081826 0.050608 0.082321 0.049339 0.083063 0.048490 0.083937 0.048192 0.084811 0.048490 0.085552 0.049339 0.086047 0.050608
0 0.081911 0.049894 0.081727 0.051326 0.081204 0.052539 0.080421 0.053350 0.079497 0.053635 0.078573 0.053350 0.077790 0.052539 0.077267 0.051326 0.077083 0.049894 0.077267 0.048463 0.077790 0.047249 0.078573 0.046439 0.079497 0.046154 0.080421 0.046439 0.081204 0.047249 0.081727 0.048463
0 0.084705 0.043606 0.084551 0.045493 0.084110 0.047094 0.083450 0.048163 0.082672 0.048538 0.081894 0.048163 0.081235 0.047094 0.080794 0.045493 0.080639 0.043606 0.080794 0.041718 0.081235 0.040118 0.081894 0.039049 0.082672 0.038673 0.083450 0.039049 0.084110 0.040118 0.084551 0.041718
0 0.091300 0.057548 0.091097 0.058784 0.090520 0.059833 0.089655 0.060533 0.088635 0.060779 0.087615 0.060533 0.086750 0.059833 0.086173 0.058784 0.085970 0.057548 0.086173 0.056312 0.086750 0.055264 0.087615 0.054563 0.088635 0.054317 0.089655 0.054563 0.090520 0.055264 0.091097 0.056312
0 0.102737 0.056519 0.102553 0.057756 0.102030 0.058804 0.101247 0.059504 0.100323 0.059750 0.099400 0.059504 0.098616 0.058804 0.098093 0.057756 0.097909 0.056519 0.098093 0.055283 0.098616 0.054235 0.099400 0.053534 0.100323 0.053288 0.101247 0.053534 0.102030 0.054235 0.102553 0.055283
0 0.108326 0.048875 0.108142 0.049916 0.107619 0.050799 0.106836 0.051389 0.105912 0.051596 0.104989 0.051389 0.104206 0.050799 0.103682 0.049916 0.103499 0.048875 0.103682 0.047834 0.104206 0.046951 0.104989 0.046361 0.105912 0.046154 0.106836 0.046361 0.107619 0.046951 0.108142 0.047834
0 0.106034 0.040375 0.105861 0.041545 0.105365 0.042537 0.104624 0.043200 0.103750 0.043433 0.102876 0.043200 0.102135 0.042537 0.101639 0.041545 0.101466 0.040375 0.101639 0.039205 0.102135 0.038213 0.102876 0.037550 0.103750 0.037317 0.104624 0.037550 0.105365 0.038213 0.105861 0.039205
5 0.104005 0.035967 0.098667 0.033255 0.097138 0.038649 0.102475 0.041360
5 0.119108 0.030602 0.119360 0.020063 0.115051 0.019879 0.114800 0.030418
0 0.041013 0.032558 0.040829 0.034250 0.040306 0.035685 0.039523 0.036644 0.038599 0.036981 0.037675 0.036644 0.036892 0.035685 0.036369 0.034250 0.036185 0.032558 0.036369 0.030865 0.036892 0.029430 0.037675 0.028471 0.038599 0.028135 0.039523 0.028471 0.040306 0.029430 0.040829 0.030865
0 0.042536 0.026096 0.042381 0.027266 0.041940 0.028258 0.041281 0.028921 0.040503 0.029154 0.039725 0.028921 0.039065 0.028258 0.038625 0.027266 0.038470 0.026096 0.038625 0.024926 0.039065 0.023934 0.039725 0.023271 0.040503 0.023038 0.041281 0.023271 0.041940 0.023934 0.042381 0.024926
0 0.039993 0.017260 0.039790 0.018430 0.039212 0.019422 0.038348 0.020085 0.037328 0.020317 0.036308 0.020085 0.035443 0.019422 0.034865 0.018430 0.034662 0.017260 0.034865 0.016089 0.035443 0.015098 0.036308 0.014435 0.037328 0.014202 0.038348 0.014435 0.039212 0.015098 0.039790 0.016089
0 0.045072 0.011990 0.044898 0.013488 0.044403 0.014758 0.043662 0.015606 0.042787 0.015904 0.041913 0.015606 0.041172 0.014758 0.040677 0.013488 0.040503 0.011990 0.040677 0.010493 0.041172 0.009223 0.041913 0.008375 0.042787 0.008077 0.043662 0.008375 0.044403 0.009223 0.044898 0.010493
0 0.052694 0.007231 0.052481 0.008467 0.051875 0.009515 0.050969 0.010216 0.049899 0.010462 0.048830 0.010216 0.047923 0.009515 0.047318 0.008467 0.047105 0.007231 0.047318 0.005994 0.047923 0.004946 0.048830 0.004246 0.049899 0.004000 0.050969 0.004246 0.051875 0.004946 0.052481 0.005994
0 0.057011 0.018788 0.056770 0.020025 0.056081 0.021073 0.055051 0.021773 0.053836 0.022019 0.052621 0.021773 0.051591 0.021073 0.050903 0.020025 0.050661 0.018788 0.050903 0.017552 0.051591 0.016504 0.052621 0.015804 0.053836 0.015558 0.055051 0.015804 0.056081 0.016504 0.056770 0.017552
0 0.059806 0.013346 0.059622 0.014454 0.059099 0.015393 0.058316 0.016020 0.057392 0.016240 0.056469 0.016020 0.055685 0.015393 0.055162 0.014454 0.054978 0.013346 0.055162 0.012239 0.055685 0.011300 0.056469 0.010672 0.057392 0.010452 0.058316 0.010672 0.059099 0.011300 0.059622 0.012239
0 0.070991 0.014365 0.070827 0.015340 0.070358 0.016167 0.069657 0.016720 0.068829 0.016913 0.068002 0.016720 0.067300 0.016167 0.066831 0.015340 0.066667 0.014365 0.066831 0.013390 0.067300 0.012564 0.068002 0.012011 0.068829 0.011817 0.069657 0.012011 0.070358 0.012564 0.070827 0.013390
0 0.069210 0.007231 0.069045 0.009247 0.068576 0.010957 0.067875 0.012099 0.067047 0.012500 0.066220 0.012099 0.065518 0.010957 0.065050 0.009247 0.064885 0.007231 0.065050 0.005214 0.065518 0.003505 0.066220 0.002363 0.067047 0.001962 0.067875 0.002363 0.068576 0.003505 0.069045 0.005214
0 0.087751 0.026606 0.087529 0.027842 0.086895 0.028890 0.085946 0.029591 0.084828 0.029837 0.083709 0.029591 0.082760 0.028890 0.082126 0.027842 0.081904 0.026606 0.082126 0.025369 0.082760 0.024321 0.083709 0.023621 0.084828 0.023375 0.085946 0.023621 0.086895 0.024321 0.087529 0.025369
0 0.091307 0.030346 0.091134 0.031711 0.090638 0.032869 0.089897 0.033642 0.089023 0.033913 0.088149 0.033642 0.087408 0.032869 0.086912 0.031711 0.086739 0.030346 0.086912 0.028981 0.087408 0.027824 0.088149 0.027050 0.089023 0.026779 0.089897 0.027050 0.090638 0.027824 0.091134 0.028981
0 0.094353 0.025760 0.094180 0.026801 0.093684 0.027684 0.092943 0.028274 0.092069 0.028481 0.091195 0.028274 0.090454 0.027684 0.089958 0.026801 0.089784 0.025760 0.089958 0.024718 0.090454 0.023835 0.091195 0.023246 0.092069 0.023038 0.092943 0.023246 0.093684 0.023835 0.094180 0.024718
0 0.134993 0.014365 0.134819 0.015602 0.134324 0.016650 0.133583 0.017350 0.132708 0.017596 0.131834 0.017350 0.131093 0.016650 0.130598 0.015602 0.130424 0.014365 0.130598 0.013129 0.131093 0.012081 0.131834 0.011381 0.132708 0.011135 0.133583 0.011381 0.134324 0.012081 0.134819 0.013129
0 0.131437 0.009269 0.131263 0.010506 0.130768 0.011554 0.130027 0.012254 0.129152 0.012500 0.128278 0.012254 0.127537 0.011554 0.127042 0.010506 0.126868 0.009269 0.127042 0.008033 0.127537 0.006985 0.128278 0.006284 0.129152 0.006038 0.130027 0.006284 0.130768 0.006985 0.131263 0.008033
0 0.127881 0.003827 0.127726 0.005063 0.127285 0.006111 0.126626 0.006812 0.125848 0.007058 0.125070 0.006812 0.124410 0.006111 0.123969 0.005063 0.123815 0.003827 0.123969 0.002591 0.124410 0.001542 0.125070 0.000842 0.125848 0.000596 0.126626 0.000842 0.127285 0.001542 0.127726 0.002591
0 0.126106 0.007394 0.125923 0.008436 0.125399 0.009318 0.124616 0.009908 0.123693 0.010115 0.122769 0.009908 0.121986 0.009318 0.121462 0.008436 0.121279 0.007394 0.121462 0.006353 0.121986 0.005470 0.122769 0.004880 0.123693 0.004673 0.124616 0.004880 0.125399 0.005470 0.125923 0.006353
0 0.122809 0.006038 0.122615 0.007080 0.122064 0.007963 0.121239 0.008552 0.120266 0.008760 0.119293 0.008552 0.118468 0.007963 0.117916 0.007080 0.117723 0.006038 0.117916 0.004997 0.118468 0.004114 0.119293 0.003524 0.120266 0.003317 0.121239 0.003524 0.122064 0.004114 0.122615 0.004997
0 0.125093 0.018106 0.124900 0.019213 0.124349 0.020152 0.123523 0.020780 0.122550 0.021000 0.121577 0.020780 0.120752 0.020152 0.120201 0.019213 0.120007 0.018106 0.120201 0.016998 0.120752 0.016059 0.121577 0.015432 0.122550 0.015212 0.123523 0.015432 0.124349 0.016059 0.124900 0.016998
0 0.121789 0.012154 0.121634 0.013585 0.121193 0.014799 0.120534 0.015610 0.119756 0.015894 0.118978 0.015610 0.118318 0.014799 0.117877 0.013585 0.117723 0.012154 0.117877 0.010722 0.118318 0.009509 0.118978 0.008698 0.119756 0.008413 0.120534 0.008698 0.121193 0.009509 0.121634 0.010722
6 0.175287 0.101019 0.167931 0.085606 0.167543 0.044337 0.175287 0.033702
6 0.000000 0.059663 0.026114 0.064452 0.024569 0.085606 0.016092 0.121192 0.020718 0.164519 0.043068 0.199087 0.066307 0.211981 0.107155 0.201250 0.124001 0.169067 0.140805 0.150856 0.141609 0.115471 0.127198 0.088644 0.124001 0.058625 0.110359 0.052183 0.069504 0.042538 0.059871 0.035000 0.062141 0.000000 0.000000 0.000000