5 0.101748 0.181060 0.110967 0.202030 0.114846 0.231434 0.119091 0.230431 0.114954 0.200084 0.105479 0.178170
2 0.166401 0.036231 0.166119 0.038129 0.165317 0.039739 0.164117 0.040815 0.162701 0.041192 0.161285 0.040815 0.160085 0.039739 0.159283 0.038129 0.159001 0.036231 0.159283 0.034332 0.160085 0.032722 0.161285 0.031647 0.162701 0.031269 0.164117 0.031647 0.165317 0.032722 0.166119 0.034332
2 0.161085 0.034837 0.160829 0.036555 0.160102 0.038012 0.159014 0.038985 0.157730 0.039327 0.156446 0.038985 0.155358 0.038012 0.154630 0.036555 0.154375 0.034837 0.154630 0.033118 0.155358 0.031661 0.156446 0.030688 0.157730 0.030346 0.159014 0.030688 0.160102 0.031661 0.160829 0.033118
5 0.154550 0.039040 0.153164 0.058251 0.157454 0.058806 0.158841 0.039595
5 0.123849 0.106071 0.125130 0.085815 0.122975 0.065055 0.118706 0.065849 0.120849 0.085958 0.119556 0.105564
5 0.097346 0.026165 0.087921 0.006482 0.084292 0.009595 0.093717 0.029278
5 0.102627 0.002381 0.108647 0.007891 0.111080 0.003128 0.105060 0.000000
2 0.065000 0.181183 0.064756 0.182533 0.064062 0.183678 0.063022 0.184443 0.061796 0.184712 0.060570 0.184443 0.059530 0.183678 0.058836 0.182533 0.058592 0.181183 0.058836 0.179832 0.059530 0.178687 0.060570 0.177922 0.061796 0.177654 0.063022 0.177922 0.064062 0.178687 0.064756 0.179832
0 0.122701 0.157712 0.122414 0.159161 0.121596 0.160390 0.120373 0.161212 0.118930 0.161500 0.117486 0.161212 0.116263 0.160390 0.115445 0.159161 0.115158 0.157712 0.115445 0.156262 0.116263 0.155033 0.117486 0.154211 0.118930 0.153923 0.120373 0.154211 0.121596 0.155033 0.122414 0.156262
0 0.015769 0.066827 0.015544 0.068247 0.014906 0.069451 0.013950 0.070256 0.012823 0.070538 0.011696 0.070256 0.010741 0.069451 0.010102 0.068247 0.009878 0.066827 0.010102 0.065407 0.010741 0.064202 0.011696 0.063398 0.012823 0.063115 0.013950 0.063398 0.014906 0.064202 0.015544 0.065407
0 0.017845 0.069606 0.017634 0.070673 0.017033 0.071578 0.016133 0.072182 0.015072 0.072394 0.014011 0.072182 0.013111 0.071578 0.012510 0.070673 0.012299 0.069606 0.012510 0.068539 0.013111 0.067634 0.014011 0.067030 0.015072 0.066817 0.016133 0.067030 0.017033 0.067634 0.017634 0.068539
0 0.023046 0.067750 0.022796 0.068817 0.022082 0.069722 0.021015 0.070326 0.019756 0.070538 0.018497 0.070326 0.017429 0.069722 0.016716 0.068817 0.016466 0.067750 0.016716 0.066683 0.017429 0.065778 0.018497 0.065174 0.019756 0.064962 0.021015 0.065174 0.022082 0.065778 0.022796 0.066683
0 0.067457 0.056942 0.067292 0.058197 0.066821 0.059261 0.066118 0.059972 0.065287 0.060221 0.064457 0.059972 0.063753 0.059261 0.063283 0.058197 0.063118 0.056942 0.063283 0.055688 0.063753 0.054624 0.064457 0.053913 0.065287 0.053663 0.066118 0.053913 0.066821 0.054624 0.067292 0.055688
0 0.071228 0.051519 0.071034 0.052726 0.070481 0.053749 0.069654 0.054433 0.068678 0.054673 0.067702 0.054433 0.066875 0.053749 0.066322 0.052726 0.066128 0.051519 0.066322 0.050312 0.066875 0.049289 0.067702 0.048605 0.068678 0.048365 0.069654 0.048605 0.070481 0.049289 0.071034 0.050312
0 0.060869 0.030077 0.060629 0.031181 0.059946 0.032117 0.058922 0.032742 0.057716 0.032962 0.056509 0.032742 0.055485 0.032117 0.054802 0.031181 0.054562 0.030077 0.054802 0.028973 0.055485 0.028037 0.056509 0.027412 0.057716 0.027192 0.058922 0.027412 0.059946 0.028037 0.060629 0.028973
0 0.066049 0.029308 0.065841 0.030412 0.065249 0.031347 0.064364 0.031973 0.063319 0.032192 0.062274 0.031973 0.061389 0.031347 0.060797 0.030412 0.060589 0.029308 0.060797 0.028204 0.061389 0.027268 0.062274 0.026643 0.063319 0.026423 0.064364 0.026643 0.065249 0.027268 0.065841 0.028204
0 0.070352 0.027587 0.070177 0.028764 0.069679 0.029762 0.068933 0.030429 0.068053 0.030663 0.067173 0.030429 0.066428 0.029762 0.065929 0.028764 0.065754 0.027587 0.065929 0.026409 0.066428 0.025411 0.067173 0.024744 0.068053 0.024510 0.068933 0.024744 0.069679 0.025411 0.070177 0.026409
0 0.073218 0.031423 0.073065 0.032601 0.072629 0.033599 0.071977 0.034266 0.071207 0.034500 0.070437 0.034266 0.069785 0.033599 0.069349 0.032601 0.069195 0.031423 0.069349 0.030246 0.069785 0.029247 0.070437 0.028580 0.071207 0.028346 0.071977 0.028580 0.072629 0.029247 0.073065 0.030246
0 0.073793 0.025663 0.073607 0.026841 0.073078 0.027839 0.072285 0.028506 0.071351 0.028740 0.070416 0.028506 0.069623 0.027839 0.069094 0.026841 0.068908 0.025663 0.069094 0.024486 0.069623 0.023488 0.070416 0.022821 0.071351 0.022587 0.072285 0.022821 0.073078 0.023488 0.073607 0.024486
0 0.077241 0.023548 0.077066 0.024652 0.076568 0.025588 0.075822 0.026213 0.074943 0.026433 0.074063 0.026213 0.073317 0.025588 0.072819 0.024652 0.072644 0.023548 0.072819 0.022444 0.073317 0.021508 0.074063 0.020883 0.074943 0.020663 0.075822 0.020883 0.076568 0.021508 0.077066 0.022444
0 0.081257 0.022202 0.081060 0.023232 0.080500 0.024106 0.079661 0.024689 0.078671 0.024894 0.077681 0.024689 0.076842 0.024106 0.076282 0.023232 0.076085 0.022202 0.076282 0.021172 0.076842 0.020298 0.077681 0.019715 0.078671 0.019510 0.079661 0.019715 0.080500 0.020298 0.081060 0.021172
0 0.090366 0.068894 0.090164 0.070407 0.089588 0.071689 0.088726 0.072545 0.087708 0.072846 0.086691 0.072545 0.085829 0.071689 0.085253 0.070407 0.085050 0.068894 0.085253 0.067382 0.085829 0.066100 0.086691 0.065243 0.087708 0.064942 0.088726 0.065243 0.089588 0.066100 0.090164 0.067382
0 0.092428 0.062183 0.092215 0.063544 0.091608 0.064698 0.090699 0.065470 0.089626 0.065740 0.088554 0.065470 0.087645 0.064698 0.087038 0.063544 0.086825 0.062183 0.087038 0.060821 0.087645 0.059667 0.088554 0.058896 0.089626 0.058625 0.090699 0.058896 0.091608 0.059667 0.092215 0.060821
0 0.096853 0.059615 0.096606 0.060749 0.095902 0.061710 0.094849 0.062351 0.093606 0.062577 0.092364 0.062351 0.091310 0.061710 0.090606 0.060749 0.090359 0.059615 0.090606 0.058482 0.091310 0.057521 0.092364 0.056879 0.093606 0.056654 0.094849 0.056879 0.095902 0.057521 0.096606 0.058482
0 0.104820 0.080933 0.104618 0.082217 0.104042 0.083306 0.103180 0.084033 0.102162 0.084288 0.101145 0.084033 0.100283 0.083306 0.099707 0.082217 0.099504 0.080933 0.099707 0.079648 0.100283 0.078560 0.101145 0.077832 0.102162 0.077577 0.103180 0.077832 0.104042 0.078560 0.104618 0.079648
0 0.100101 0.077577 0.099842 0.078788 0.099107 0.079814 0.098007 0.080500 0.096710 0.080740 0.095412 0.080500 0.094312 0.079814 0.093577 0.078788 0.093319 0.077577 0.093577 0.076366 0.094312 0.075340 0.095412 0.074654 0.096710 0.074413 0.098007 0.074654 0.099107 0.075340 0.099842 0.076366
0 0.099217 0.071260 0.098970 0.072470 0.098266 0.073497 0.097212 0.074182 0.095970 0.074423 0.094727 0.074182 0.093674 0.073497 0.092970 0.072470 0.092723 0.071260 0.092970 0.070049 0.093674 0.069023 0.094727 0.068337 0.095970 0.068096 0.097212 0.068337 0.098266 0.069023 0.098970 0.070049
0 0.094497 0.075404 0.094250 0.076688 0.093546 0.077777 0.092493 0.078504 0.091250 0.078760 0.090007 0.078504 0.088954 0.077777 0.088250 0.076688 0.088003 0.075404 0.088250 0.074120 0.088954 0.073031 0.090007 0.072304 0.091250 0.072048 0.092493 0.072304 0.093546 0.073031 0.094250 0.074120
5 0.102542 0.137121 0.105133 0.142573 0.104199 0.150726 0.108459 0.151601 0.109175 0.141678 0.106366 0.134456
0 0.069526 0.009125 0.069313 0.010560 0.068705 0.011777 0.067796 0.012590 0.066724 0.012875 0.065652 0.012590 0.064743 0.011777 0.064136 0.010560 0.063922 0.009125 0.064136 0.007690 0.064743 0.006473 0.065652 0.005660 0.066724 0.005375 0.067796 0.005660 0.068705 0.006473 0.069313 0.007690
0 0.070029 0.002827 0.069806 0.004063 0.069172 0.005111 0.068224 0.005812 0.067105 0.006058 0.065986 0.005812 0.065037 0.005111 0.064404 0.004063 0.064181 0.002827 0.064404 0.001591 0.065037 0.000542 0.065986 0.000000 0.067105 0.000000 0.068224 0.000000 0.069172 0.000542 0.069806 0.001591
0 0.075625 0.003163 0.075402 0.004271 0.074769 0.005210 0.073820 0.005837 0.072701 0.006058 0.071582 0.005837 0.070634 0.005210 0.070000 0.004271 0.069777 0.003163 0.070000 0.002056 0.070634 0.001117 0.071582 0.000490 0.072701 0.000269 0.073820 0.000490 0.074769 0.001117 0.075402 0.002056
6 0.000000 0.021721 0.017119 0.030529 0.032241 0.035894 0.051818 0.028750 0.061164 0.012673 0.062076 0.000000 0.000000 0.000000
6 0.021566 0.073404 0.008664 0.081144 0.009109 0.106154 0.019339 0.143077 0.034468 0.174038 0.063829 0.191904 0.083405 0.201433 0.104756 0.183567 0.118103 0.170462 0.131451 0.143077 0.140797 0.113298 0.137680 0.091865 0.138570 0.066260 0.136343 0.043635 0.108319 0.020413 0.093190 0.022788 0.078068 0.034702 0.065611 0.043038 0.045144 0.037087
6 0.175287 0.055135 0.162593 0.037087 0.159921 0.011481 0.171932 0.000000 0.175287 0.000000