2 0.134914 0.113721 0.134679 0.115303 0.134009 0.116645 0.133007 0.117541 0.131825 0.117856 0.130643 0.117541 0.129640 0.116645 0.128971 0.115303 0.128736 0.113721 0.128971 0.112139 0.129640 0.110798 0.130643 0.109901 0.131825 0.109587 0.133007 0.109901 0.134009 0.110798 0.134679 0.112139
2 0.142543 0.059481 0.142294 0.060971 0.141586 0.062234 0.140525 0.063079 0.139274 0.063375 0.138024 0.063079 0.136963 0.062234 0.136255 0.060971 0.136006 0.059481 0.136255 0.057991 0.136963 0.056727 0.138024 0.055883 0.139274 0.055587 0.140525 0.055883 0.141586 0.056727 0.142294 0.057991
2 0.137457 0.058750 0.137222 0.059961 0.136552 0.060987 0.135550 0.061673 0.134368 0.061913 0.133186 0.061673 0.132184 0.060987 0.131514 0.059961 0.131279 0.058750 0.131514 0.057539 0.132184 0.056513 0.133186 0.055827 0.134368 0.055587 0.135550 0.055827 0.136552 0.056513 0.137222 0.057539
2 0.094569 0.155798 0.094334 0.157288 0.093664 0.158552 0.092662 0.159396 0.091480 0.159692 0.090298 0.159396 0.089296 0.158552 0.088626 0.157288 0.088391 0.155798 0.088626 0.154308 0.089296 0.153044 0.090298 0.152200 0.091480 0.151904 0.092662 0.152200 0.093664 0.153044 0.094334 0.154308
2 0.090941 0.149231 0.090720 0.151001 0.090089 0.152501 0.089145 0.153504 0.088032 0.153856 0.086918 0.153504 0.085974 0.152501 0.085344 0.151001 0.085122 0.149231 0.085344 0.147461 0.085974 0.145960 0.086918 0.144958 0.088032 0.144606 0.089145 0.144958 0.090089 0.145960 0.090720 0.147461
2 0.042960 0.177683 0.042766 0.178985 0.042215 0.180090 0.041390 0.180827 0.040417 0.181087 0.039443 0.180827 0.038618 0.180090 0.038067 0.178985 0.037874 0.177683 0.038067 0.176380 0.038618 0.175276 0.039443 0.174538 0.040417 0.174279 0.041390 0.174538 0.042215 0.175276 0.042766 0.176380
5 0.087515 0.143037 0.079296 0.132450 0.076307 0.136607 0.084526 0.147194
5 0.092799 0.159596 0.096456 0.161634 0.098113 0.156308 0.094457 0.154270
2 0.105618 0.097702 0.105464 0.098835 0.105027 0.099796 0.104372 0.100438 0.103599 0.100663 0.102827 0.100438 0.102172 0.099796 0.101734 0.098835 0.101580 0.097702 0.101734 0.096569 0.102172 0.095608 0.102827 0.094966 0.103599 0.094740 0.104372 0.094966 0.105027 0.095608 0.105464 0.096569
2 0.109468 0.099635 0.109285 0.101014 0.108764 0.102184 0.107983 0.102966 0.107062 0.103240 0.106141 0.102966 0.105360 0.102184 0.104838 0.101014 0.104655 0.099635 0.104838 0.098255 0.105360 0.097085 0.106141 0.096303 0.107062 0.096029 0.107983 0.096303 0.108764 0.097085 0.109285 0.098255
2 0.113319 0.097837 0.113143 0.099117 0.112641 0.100203 0.111891 0.100928 0.111006 0.101183 0.110121 0.100928 0.109370 0.100203 0.108869 0.099117 0.108693 0.097837 0.108869 0.096556 0.109370 0.095470 0.110121 0.094745 0.111006 0.094490 0.111891 0.094745 0.112641 0.095470 0.113143 0.096556
2 0.115826 0.093192 0.115650 0.094473 0.115149 0.095558 0.114398 0.096284 0.113513 0.096538 0.112628 0.096284 0.111877 0.095558 0.111376 0.094473 0.111200 0.093192 0.111376 0.091912 0.111877 0.090826 0.112628 0.090101 0.113513 0.089846 0.114398 0.090101 0.115149 0.090826 0.115650 0.091912
2 0.111394 0.088558 0.111218 0.089838 0.110716 0.090924 0.109966 0.091649 0.109080 0.091904 0.108195 0.091649 0.107445 0.090924 0.106943 0.089838 0.106767 0.088558 0.106943 0.087277 0.107445 0.086192 0.108195 0.085466 0.109080 0.085212 0.109966 0.085466 0.110716 0.086192 0.111218 0.087277
2 0.107737 0.080827 0.107554 0.082107 0.107032 0.083193 0.106251 0.083918 0.105330 0.084173 0.104409 0.083918 0.103629 0.083193 0.103107 0.082107 0.102924 0.080827 0.103107 0.079546 0.103629 0.078461 0.104409 0.077735 0.105330 0.077481 0.106251 0.077735 0.107032 0.078461 0.107554 0.079546
2 0.102148 0.080827 0.101958 0.082306 0.101416 0.083560 0.100605 0.084398 0.099648 0.084692 0.098691 0.084398 0.097880 0.083560 0.097338 0.082306 0.097148 0.080827 0.097338 0.079348 0.097880 0.078094 0.098691 0.077256 0.099648 0.076962 0.100605 0.077256 0.101416 0.078094 0.101958 0.079348
2 0.098297 0.076702 0.098092 0.077787 0.097508 0.078708 0.096634 0.079323 0.095603 0.079538 0.094573 0.079323 0.093699 0.078708 0.093115 0.077787 0.092909 0.076702 0.093115 0.075616 0.093699 0.074696 0.094573 0.074081 0.095603 0.073865 0.096634 0.074081 0.097508 0.074696 0.098092 0.075616
2 0.075201 0.082115 0.075025 0.083300 0.074524 0.084305 0.073773 0.084976 0.072888 0.085212 0.072003 0.084976 0.071252 0.084305 0.070751 0.083300 0.070575 0.082115 0.070751 0.080931 0.071252 0.079926 0.072003 0.079255 0.072888 0.079019 0.073773 0.079255 0.074524 0.079926 0.075025 0.080931
2 0.071157 0.086885 0.070988 0.088217 0.070509 0.089346 0.069791 0.090100 0.068944 0.090365 0.068097 0.090100 0.067379 0.089346 0.066900 0.088217 0.066731 0.086885 0.066900 0.085553 0.067379 0.084423 0.068097 0.083669 0.068944 0.083404 0.069791 0.083669 0.070509 0.084423 0.070988 0.085553
2 0.071351 0.080183 0.071174 0.081614 0.070673 0.082828 0.069923 0.083638 0.069037 0.083923 0.068152 0.083638 0.067402 0.082828 0.066900 0.081614 0.066724 0.080183 0.066900 0.078751 0.067402 0.077538 0.068152 0.076727 0.069037 0.076442 0.069923 0.076727 0.070673 0.077538 0.071174 0.078751
2 0.067500 0.081596 0.067332 0.082781 0.066852 0.083785 0.066134 0.084457 0.065287 0.084692 0.064441 0.084457 0.063723 0.083785 0.063243 0.082781 0.063075 0.081596 0.063243 0.080411 0.063723 0.079407 0.064441 0.078736 0.065287 0.078500 0.066134 0.078736 0.066852 0.079407 0.067332 0.080411
2 0.063642 0.093327 0.063489 0.094560 0.063051 0.095605 0.062396 0.096303 0.061624 0.096548 0.060851 0.096303 0.060196 0.095605 0.059759 0.094560 0.059605 0.093327 0.059759 0.092094 0.060196 0.091049 0.060851 0.090351 0.061624 0.090106 0.062396 0.090351 0.063051 0.091049 0.063489 0.092094
2 0.062881 0.087779 0.062734 0.089159 0.062317 0.090329 0.061692 0.091110 0.060955 0.091385 0.060219 0.091110 0.059594 0.090329 0.059177 0.089159 0.059030 0.087779 0.059177 0.086399 0.059594 0.085229 0.060219 0.084448 0.060955 0.084173 0.061692 0.084448 0.062317 0.085229 0.062734 0.086399
2 0.060187 0.081337 0.060011 0.082521 0.059509 0.083526 0.058759 0.084197 0.057874 0.084433 0.056988 0.084197 0.056238 0.083526 0.055736 0.082521 0.055560 0.081337 0.055736 0.080152 0.056238 0.079147 0.056988 0.078476 0.057874 0.078240 0.058759 0.078476 0.059509 0.079147 0.060011 0.080152
2 0.061940 0.100827 0.061763 0.102185 0.061260 0.103336 0.060507 0.104105 0.059619 0.104375 0.058731 0.104105 0.057978 0.103336 0.057475 0.102185 0.057299 0.100827 0.057475 0.099469 0.057978 0.098318 0.058731 0.097549 0.059619 0.097279 0.060507 0.097549 0.061260 0.098318 0.061763 0.099469
5 0.102381 0.100160 0.096397 0.119199 0.100370 0.121436 0.106354 0.102397
5 0.112962 0.084984 0.111468 0.075628 0.107253 0.076834 0.108747 0.086190
5 0.073758 0.084320 0.095216 0.093675 0.096551 0.088190 0.075093 0.078834
5 0.067939 0.088697 0.071154 0.097932 0.078639 0.105278 0.081188 0.100626 0.074417 0.094495 0.071917 0.086476
5 0.055106 0.100628 0.049617 0.132359 0.053817 0.133660 0.059305 0.101929
5 0.055339 0.093112 0.039649 0.096430 0.040322 0.102128 0.056012 0.098811
5 0.058872 0.076589 0.053830 0.063646 0.052832 0.056963 0.048605 0.058095 0.049799 0.065526 0.055036 0.079218
5 0.072953 0.077531 0.080690 0.062502 0.077141 0.059229 0.069404 0.074257
5 0.071027 0.073530 0.067880 0.057746 0.062391 0.048400 0.059002 0.051965 0.064095 0.060230 0.066846 0.074932
2 0.059943 0.093933 0.059791 0.095338 0.059358 0.096530 0.058710 0.097326 0.057945 0.097606 0.057181 0.097326 0.056533 0.096530 0.056100 0.095338 0.055948 0.093933 0.056100 0.092527 0.056533 0.091335 0.057181 0.090539 0.057945 0.090260 0.058710 0.090539 0.059358 0.091335 0.059791 0.092527
2 0.069425 0.076231 0.069264 0.077508 0.068805 0.078590 0.068117 0.079313 0.067306 0.079567 0.066495 0.079313 0.065807 0.078590 0.065348 0.077508 0.065187 0.076231 0.065348 0.074954 0.065807 0.073871 0.066495 0.073148 0.067306 0.072894 0.068117 0.073148 0.068805 0.073871 0.069264 0.074954
5 0.099573 0.083201 0.085514 0.081720 0.085176 0.087472 0.099235 0.088953
2 0.104037 0.086817 0.103847 0.088142 0.103305 0.089265 0.102494 0.090015 0.101537 0.090279 0.100581 0.090015 0.099770 0.089265 0.099228 0.088142 0.099037 0.086817 0.099228 0.085493 0.099770 0.084370 0.100581 0.083619 0.101537 0.083356 0.102494 0.083619 0.103305 0.084370 0.103847 0.085493