2 0.113463 0.090077 0.113235 0.091663 0.112585 0.093007 0.111613 0.093906 0.110467 0.094221 0.109321 0.093906 0.108349 0.093007 0.107699 0.091663 0.107471 0.090077 0.107699 0.088491 0.108349 0.087147 0.109321 0.086248 0.110467 0.085933 0.111613 0.086248 0.112585 0.087147 0.113235 0.088491
2 0.139411 0.061702 0.139203 0.063258 0.138611 0.064578 0.137726 0.065460 0.136681 0.065769 0.135636 0.065460 0.134751 0.064578 0.134159 0.063258 0.133951 0.061702 0.134159 0.060145 0.134751 0.058826 0.135636 0.057944 0.136681 0.057635 0.137726 0.057944 0.138611 0.058826 0.139203 0.060145
2 0.144878 0.065087 0.144616 0.066279 0.143870 0.067289 0.142754 0.067965 0.141437 0.068202 0.140120 0.067965 0.139004 0.067289 0.138258 0.066279 0.137996 0.065087 0.138258 0.063894 0.139004 0.062884 0.140120 0.062208 0.141437 0.061971 0.142754 0.062208 0.143870 0.062884 0.144616 0.063894
2 0.131315 0.114519 0.131092 0.115969 0.130456 0.117198 0.129505 0.118019 0.128384 0.118308 0.127262 0.118019 0.126311 0.117198 0.125676 0.115969 0.125453 0.114519 0.125676 0.113069 0.126311 0.111840 0.127262 0.111019 0.128384 0.110731 0.129505 0.111019 0.130456 0.111840 0.131092 0.113069
2 0.040187 0.179067 0.040001 0.180385 0.039473 0.181501 0.038683 0.182248 0.037751 0.182510 0.036819 0.182248 0.036029 0.181501 0.035501 0.180385 0.035316 0.179067 0.035501 0.177750 0.036029 0.176633 0.036819 0.175887 0.037751 0.175625 0.038683 0.175887 0.039473 0.176633 0.040001 0.177750
2 0.089239 0.158885 0.089001 0.160379 0.088323 0.161645 0.087309 0.162491 0.086114 0.162788 0.084918 0.162491 0.083904 0.161645 0.083226 0.160379 0.082989 0.158885 0.083226 0.157391 0.083904 0.156124 0.084918 0.155278 0.086114 0.154981 0.087309 0.155278 0.088323 0.156124 0.089001 0.157391
2 0.087845 0.152279 0.087607 0.153879 0.086930 0.155236 0.085916 0.156143 0.084720 0.156462 0.083524 0.156143 0.082510 0.155236 0.081833 0.153879 0.081595 0.152279 0.081833 0.150678 0.082510 0.149321 0.083524 0.148415 0.084720 0.148096 0.085916 0.148415 0.086930 0.149321 0.087607 0.150678
2 0.059159 0.103337 0.058884 0.104922 0.058101 0.106267 0.056929 0.107165 0.055546 0.107481 0.054163 0.107165 0.052991 0.106267 0.052208 0.104922 0.051932 0.103337 0.052208 0.101751 0.052991 0.100406 0.054163 0.099508 0.055546 0.099192 0.056929 0.099508 0.058101 0.100406 0.058884 0.101751
2 0.061020 0.097260 0.060792 0.098636 0.060143 0.099802 0.059171 0.100582 0.058024 0.100856 0.056878 0.100582 0.055906 0.099802 0.055257 0.098636 0.055029 0.097260 0.055257 0.095883 0.055906 0.094717 0.056878 0.093937 0.058024 0.093663 0.059171 0.093937 0.060143 0.094717 0.060792 0.095883
2 0.073614 0.082885 0.073425 0.084261 0.072888 0.085427 0.072084 0.086207 0.071135 0.086481 0.070187 0.086207 0.069383 0.085427 0.068845 0.084261 0.068657 0.082885 0.068845 0.081508 0.069383 0.080342 0.070187 0.079562 0.071135 0.079288 0.072084 0.079562 0.072888 0.080342 0.073425 0.081508
2 0.065560 0.076260 0.065348 0.077529 0.064744 0.078605 0.063840 0.079324 0.062773 0.079577 0.061706 0.079324 0.060802 0.078605 0.060198 0.077529 0.059986 0.076260 0.060198 0.074990 0.060802 0.073914 0.061706 0.073195 0.062773 0.072942 0.063840 0.073195 0.064744 0.073914 0.065348 0.074990
2 0.069274 0.078471 0.069086 0.079634 0.068549 0.080620 0.067744 0.081278 0.066796 0.081510 0.065848 0.081278 0.065043 0.080620 0.064506 0.079634 0.064318 0.078471 0.064506 0.077308 0.065043 0.076323 0.065848 0.075664 0.066796 0.075433 0.067744 0.075664 0.068549 0.076323 0.069086 0.077308
2 0.107881 0.079990 0.107661 0.081311 0.107035 0.082431 0.106098 0.083180 0.104993 0.083442 0.103888 0.083180 0.102951 0.082431 0.102325 0.081311 0.102105 0.079990 0.102325 0.078669 0.102951 0.077550 0.103888 0.076801 0.104993 0.076538 0.106098 0.076801 0.107035 0.077550 0.107661 0.078669
2 0.097356 0.088827 0.097175 0.090255 0.096660 0.091465 0.095888 0.092274 0.094978 0.092558 0.094068 0.092274 0.093297 0.091465 0.092782 0.090255 0.092601 0.088827 0.092782 0.087399 0.093297 0.086189 0.094068 0.085380 0.094978 0.085096 0.095888 0.085380 0.096660 0.086189 0.097175 0.087399
2 0.111394 0.078740 0.111229 0.079796 0.110758 0.080692 0.110054 0.081290 0.109224 0.081500 0.108394 0.081290 0.107690 0.080692 0.107220 0.079796 0.107055 0.078740 0.107220 0.077684 0.107690 0.076789 0.108394 0.076191 0.109224 0.075981 0.110054 0.076191 0.110758 0.076789 0.111229 0.077684
2 0.109533 0.075567 0.109360 0.076679 0.108868 0.077621 0.108132 0.078250 0.107263 0.078471 0.106394 0.078250 0.105658 0.077621 0.105166 0.076679 0.104993 0.075567 0.105166 0.074456 0.105658 0.073514 0.106394 0.072885 0.107263 0.072663 0.108132 0.072885 0.108868 0.073514 0.109360 0.074456
2 0.096947 0.072115 0.096782 0.073171 0.096311 0.074067 0.095608 0.074665 0.094777 0.074875 0.093947 0.074665 0.093243 0.074067 0.092773 0.073171 0.092608 0.072115 0.092773 0.071059 0.093243 0.070164 0.093947 0.069566 0.094777 0.069356 0.095608 0.069566 0.096311 0.070164 0.096782 0.071059
2 0.103348 0.067000 0.103159 0.068005 0.102622 0.068856 0.101818 0.069425 0.100869 0.069625 0.099921 0.069425 0.099117 0.068856 0.098579 0.068005 0.098391 0.067000 0.098579 0.065995 0.099117 0.065144 0.099921 0.064575 0.100869 0.064375 0.101818 0.064575 0.102622 0.065144 0.103159 0.065995
2 0.096739 0.065894 0.096573 0.067215 0.096103 0.068335 0.095399 0.069083 0.094569 0.069346 0.093739 0.069083 0.093035 0.068335 0.092565 0.067215 0.092399 0.065894 0.092565 0.064573 0.093035 0.063453 0.093739 0.062705 0.094569 0.062442 0.095399 0.062705 0.096103 0.063453 0.096573 0.064573
2 0.093233 0.061058 0.093091 0.062220 0.092688 0.063206 0.092084 0.063865 0.091372 0.064096 0.090660 0.063865 0.090056 0.063206 0.089653 0.062220 0.089511 0.061058 0.089653 0.059895 0.090056 0.058909 0.090660 0.058251 0.091372 0.058019 0.092084 0.058251 0.092688 0.058909 0.093091 0.059895
2 0.090539 0.060087 0.090366 0.060984 0.089874 0.061746 0.089137 0.062254 0.088269 0.062433 0.087400 0.062254 0.086663 0.061746 0.086171 0.060984 0.085999 0.060087 0.086171 0.059189 0.086663 0.058428 0.087400 0.057919 0.088269 0.057740 0.089137 0.057919 0.089874 0.058428 0.090366 0.059189
5 0.088549 0.162559 0.102593 0.165607 0.103283 0.159912 0.089239 0.156864
5 0.082700 0.146277 0.076277 0.142787 0.069460 0.141124 0.068687 0.146799 0.075066 0.148290 0.081050 0.151607
5 0.087953 0.148106 0.087725 0.143598 0.089377 0.139175 0.085522 0.136595 0.083642 0.142308 0.083642 0.148106
5 0.059025 0.102734 0.062513 0.109603 0.070358 0.137786 0.074397 0.135772 0.066327 0.106997 0.062613 0.099535
5 0.052134 0.106438 0.046368 0.136624 0.032740 0.149335 0.035205 0.154069 0.049677 0.139764 0.056286 0.107985
5 0.054170 0.091400 0.040830 0.095417 0.027827 0.107023 0.030219 0.111823 0.042476 0.100638 0.055069 0.097042
5 0.050947 0.094699 0.049704 0.087238 0.045497 0.088493 0.046740 0.095955
5 0.070935 0.077992 0.076415 0.065261 0.085086 0.053108 0.081969 0.049123 0.072995 0.061816 0.067212 0.075085
5 0.068166 0.073738 0.065462 0.065471 0.063401 0.061596 0.059890 0.064943 0.061726 0.068282 0.064205 0.076012
5 0.061277 0.078873 0.041997 0.067586 0.031673 0.066480 0.031330 0.072231 0.040950 0.073098 0.059527 0.084146
5 0.058818 0.084347 0.051962 0.066445 0.048536 0.048896 0.042135 0.036742 0.038612 0.040066 0.044684 0.051257 0.047949 0.068451 0.054975 0.086960
5 0.059918 0.073835 0.051039 0.069412 0.049536 0.074819 0.058415 0.079242
5 0.108314 0.072459 0.104494 0.054429 0.094789 0.035920 0.091260 0.039234 0.100651 0.056848 0.104157 0.073983
2 0.105409 0.061606 0.105221 0.062875 0.104684 0.063951 0.103879 0.064671 0.102931 0.064923 0.101983 0.064671 0.101179 0.063951 0.100641 0.062875 0.100453 0.061606 0.100641 0.060336 0.101179 0.059260 0.101983 0.058541 0.102931 0.058288 0.103879 0.058541 0.104684 0.059260 0.105221 0.060336
5 0.095585 0.090939 0.087115 0.107516 0.090673 0.110773 0.099142 0.094196
5 0.092543 0.083912 0.077263 0.080595 0.076573 0.086290 0.091853 0.089607
2 0.094260 0.086067 0.094048 0.087179 0.093444 0.088121 0.092539 0.088750 0.091473 0.088971 0.090406 0.088750 0.089502 0.088121 0.088898 0.087179 0.088685 0.086067 0.088898 0.084956 0.089502 0.084014 0.090406 0.083385 0.091473 0.083163 0.092539 0.083385 0.093444 0.084014 0.094048 0.084956
2 0.115115 0.083990 0.114966 0.085260 0.114541 0.086336 0.113904 0.087055 0.113154 0.087308 0.112403 0.087055 0.111767 0.086336 0.111342 0.085260 0.111193 0.083990 0.111342 0.082721 0.111767 0.081645 0.112403 0.080926 0.113154 0.080673 0.113904 0.080926 0.114541 0.081645 0.114966 0.082721
2 0.109533 0.094077 0.109313 0.095295 0.108687 0.096327 0.107750 0.097017 0.106645 0.097260 0.105540 0.097017 0.104603 0.096327 0.103977 0.095295 0.103757 0.094077 0.103977 0.092859 0.104603 0.091826 0.105540 0.091136 0.106645 0.090894 0.107750 0.091136 0.108687 0.091826 0.109313 0.092859
5 0.093961 0.090673 0.087463 0.094162 0.082781 0.092989 0.074319 0.087739 0.072506 0.092973 0.081452 0.098434 0.087756 0.099711 0.095392 0.096115
5 0.038348 0.002723 0.052041 0.009127 0.053462 0.003681 0.039770 0.000000
5 0.015876 0.000171 0.014533 0.022363 0.018829 0.022829 0.020173 0.000637
2 0.066983 0.094087 0.066732 0.096074 0.066019 0.097758 0.064952 0.098884 0.063693 0.099279 0.062433 0.098884 0.061366 0.097758 0.060653 0.096074 0.060402 0.094087 0.060653 0.092100 0.061366 0.090415 0.062433 0.089289 0.063693 0.088894 0.064952 0.089289 0.066019 0.090415 0.066732 0.092100
2 0.072392 0.088990 0.072198 0.090528 0.071643 0.091832 0.070813 0.092704 0.069835 0.093010 0.068856 0.092704 0.068026 0.091832 0.067472 0.090528 0.067277 0.088990 0.067472 0.087452 0.068026 0.086148 0.068856 0.085277 0.069835 0.084971 0.070813 0.085277 0.071643 0.086148 0.072198 0.087452
2 0.066006 0.082375 0.065817 0.083685 0.065280 0.084795 0.064476 0.085538 0.063527 0.085798 0.062579 0.085538 0.061775 0.084795 0.061238 0.083685 0.061049 0.082375 0.061238 0.081065 0.061775 0.079955 0.062579 0.079212 0.063527 0.078952 0.064476 0.079212 0.065280 0.079955 0.065817 0.081065