2 0.169971 0.041442 0.169748 0.042730 0.169113 0.043822 0.168162 0.044552 0.167040 0.044808 0.165919 0.044552 0.164968 0.043822 0.164332 0.042730 0.164109 0.041442 0.164332 0.040154 0.164968 0.039063 0.165919 0.038333 0.167040 0.038077 0.168162 0.038333 0.169113 0.039063 0.169748 0.040154
2 0.166063 0.036952 0.165819 0.038383 0.165123 0.039597 0.164081 0.040408 0.162852 0.040692 0.161623 0.040408 0.160581 0.039597 0.159885 0.038383 0.159641 0.036952 0.159885 0.035521 0.160581 0.034307 0.161623 0.033496 0.162852 0.033212 0.164081 0.033496 0.165123 0.034307 0.165819 0.035521
2 0.042284 0.178913 0.042062 0.180249 0.041430 0.181382 0.040484 0.182138 0.039368 0.182404 0.038252 0.182138 0.037305 0.181382 0.036673 0.180249 0.036451 0.178913 0.036673 0.177578 0.037305 0.176445 0.038252 0.175689 0.039368 0.175423 0.040484 0.175689 0.041430 0.176445 0.042062 0.177578
2 0.115726 0.134490 0.115540 0.136102 0.115012 0.137468 0.114222 0.138381 0.113290 0.138702 0.112358 0.138381 0.111568 0.137468 0.111040 0.136102 0.110855 0.134490 0.111040 0.132879 0.111568 0.131512 0.112358 0.130599 0.113290 0.130279 0.114222 0.130599 0.115012 0.131512 0.115540 0.132879
2 0.129741 0.112663 0.129556 0.114128 0.129028 0.115370 0.128238 0.116199 0.127306 0.116490 0.126374 0.116199 0.125584 0.115370 0.125056 0.114128 0.124871 0.112663 0.125056 0.111199 0.125584 0.109957 0.126374 0.109128 0.127306 0.108837 0.128238 0.109128 0.129028 0.109957 0.129556 0.111199
2 0.086530 0.109788 0.086367 0.111179 0.085901 0.112359 0.085204 0.113146 0.084382 0.113423 0.083560 0.113146 0.082863 0.112359 0.082398 0.111179 0.082234 0.109788 0.082398 0.108398 0.082863 0.107218 0.083560 0.106431 0.084382 0.106154 0.085204 0.106431 0.085901 0.107218 0.086367 0.108398
2 0.082816 0.140433 0.082631 0.141680 0.082103 0.142738 0.081313 0.143444 0.080381 0.143692 0.079449 0.143444 0.078659 0.142738 0.078131 0.141680 0.077945 0.140433 0.078131 0.139185 0.078659 0.138128 0.079449 0.137421 0.080381 0.137173 0.081313 0.137421 0.082103 0.138128 0.082631 0.139185
5 0.130458 0.109347 0.130699 0.099804 0.127545 0.080266 0.123332 0.081484 0.126439 0.100288 0.126151 0.109095
5 0.125156 0.107891 0.099401 0.103295 0.098832 0.109013 0.124586 0.113609
5 0.126730 0.117953 0.133526 0.132791 0.158517 0.151825 0.167677 0.164470 0.170771 0.160454 0.161136 0.147314 0.136460 0.128836 0.130454 0.115047
5 0.169390 0.039987 0.172012 0.031920 0.168060 0.029618 0.165438 0.037686
5 0.040256 0.029982 0.038108 0.021494 0.036988 0.011514 0.032725 0.012371 0.033932 0.022835 0.036167 0.031806
5 0.058794 0.166294 0.059907 0.183745 0.064202 0.183255 0.063088 0.165803
5 0.110359 0.171112 0.115792 0.188606 0.116166 0.201068 0.120472 0.200836 0.119943 0.187407 0.114354 0.168946
5 0.133631 0.156014 0.144422 0.146803 0.156172 0.140371 0.164742 0.125409 0.161321 0.121899 0.153696 0.135919 0.142504 0.141668 0.131326 0.151140
5 0.159237 0.134371 0.166312 0.131166 0.176334 0.123714 0.174241 0.118671 0.164585 0.125907 0.157875 0.128898
5 0.138648 0.145826 0.133433 0.136845 0.130030 0.140386 0.135245 0.149366
5 0.132934 0.124326 0.141878 0.119336 0.140220 0.114011 0.131276 0.119001
5 0.172993 0.056568 0.157423 0.049991 0.125769 0.042971 0.115660 0.043351 0.100817 0.033173 0.098207 0.035174 0.092251 0.032184 0.090737 0.037585 0.098184 0.040587 0.100483 0.038389 0.114591 0.048740 0.125414 0.048701 0.156418 0.055586 0.171691 0.062067
2 0.175632 0.058404 0.175454 0.059335 0.174948 0.060124 0.174191 0.060651 0.173297 0.060837 0.172404 0.060651 0.171646 0.060124 0.171140 0.059335 0.170963 0.058404 0.171140 0.057473 0.171646 0.056684 0.172404 0.056156 0.173297 0.055971 0.174191 0.056156 0.174948 0.056684 0.175454 0.057473
5 0.105160 0.061081 0.118313 0.073680 0.128361 0.077163 0.135875 0.083403 0.138148 0.078501 0.130056 0.071926 0.120142 0.068563 0.107699 0.056419
5 0.081245 0.091626 0.089190 0.083608 0.096446 0.063839 0.092577 0.061295 0.086003 0.079989 0.078740 0.086931
5 0.095016 0.100861 0.101496 0.072072 0.097369 0.070408 0.090889 0.099197
5 0.000000 0.139326 0.024784 0.170365 0.027716 0.166135 0.002716 0.135097
6 0.029511 0.094538 0.036034 0.081933 0.040381 0.066413 0.051976 0.054288 0.065740 0.041683 0.076250 0.051865 0.089655 0.051865 0.099440 0.034894 0.115014 0.044596 0.129511 0.053808 0.132773 0.071269 0.132773 0.093567 0.131322 0.113452 0.128786 0.130913 0.116466 0.137212 0.105596 0.144000 0.092557 0.133337 0.084943 0.147885 0.086760 0.169702 0.074440 0.162913 0.062486 0.152731 0.044727 0.152731 0.039296 0.134308 0.035675 0.117817
6 0.008139 0.000952 0.017191 0.016952 0.041106 0.029077 0.057773 0.015010 0.066020 0.000000 0.031121 0.000000
5 0.080211 0.051682 0.078042 0.006105 0.073740 0.006472 0.075910 0.052049