2 0.157608 0.055817 0.157377 0.057370 0.156720 0.058687 0.155736 0.059566 0.154576 0.059875 0.153416 0.059566 0.152432 0.058687 0.151775 0.057370 0.151545 0.055817 0.151775 0.054264 0.152432 0.052948 0.153416 0.052068 0.154576 0.051760 0.155736 0.052068 0.156720 0.052948 0.157377 0.054264
2 0.132320 0.110038 0.132067 0.111661 0.131344 0.113037 0.130263 0.113956 0.128987 0.114279 0.127711 0.113956 0.126630 0.113037 0.125907 0.111661 0.125654 0.110038 0.125907 0.108416 0.126630 0.107040 0.127711 0.106121 0.128987 0.105798 0.130263 0.106121 0.131344 0.107040 0.132067 0.108416
2 0.089009 0.158856 0.088781 0.160390 0.088131 0.161691 0.087159 0.162560 0.086013 0.162865 0.084867 0.162560 0.083895 0.161691 0.083245 0.160390 0.083017 0.158856 0.083245 0.157321 0.083895 0.156021 0.084867 0.155151 0.086013 0.154846 0.087159 0.155151 0.088131 0.156021 0.088781 0.157321
2 0.040036 0.178250 0.039795 0.179700 0.039110 0.180929 0.038085 0.181750 0.036875 0.182038 0.035665 0.181750 0.034640 0.180929 0.033955 0.179700 0.033714 0.178250 0.033955 0.176800 0.034640 0.175571 0.035665 0.174750 0.036875 0.174462 0.038085 0.174750 0.039110 0.175571 0.039795 0.176800
2 0.162550 0.050462 0.162257 0.051959 0.161422 0.053229 0.160173 0.054077 0.158700 0.054375 0.157226 0.054077 0.155977 0.053229 0.155142 0.051959 0.154849 0.050462 0.155142 0.048964 0.155977 0.047694 0.157226 0.046846 0.158700 0.046548 0.160173 0.046846 0.161422 0.047694 0.162257 0.048964
5 0.125993 0.105616 0.119726 0.104243 0.102743 0.103348 0.102573 0.109113 0.119287 0.109970 0.125285 0.111307
5 0.128695 0.115739 0.137505 0.128755 0.154826 0.143024 0.157085 0.138111 0.140242 0.124376 0.131909 0.111895
5 0.099348 0.112744 0.101851 0.120297 0.108843 0.131844 0.112507 0.131402 0.112120 0.125656 0.110455 0.127396 0.105631 0.117564 0.103296 0.110429
5 0.127665 0.101423 0.145323 0.129067 0.148599 0.125318 0.130941 0.097674
5 0.114318 0.067608 0.119184 0.048174 0.116519 0.041934 0.112777 0.044797 0.115309 0.048546 0.110309 0.065488
5 0.111823 0.060033 0.097109 0.040787 0.079617 0.019835 0.072620 0.000210 0.068730 0.002694 0.076224 0.023213 0.094154 0.044986 0.108810 0.064159
5 0.099571 0.041594 0.090576 0.018411 0.086751 0.021070 0.095745 0.044252
5 0.099231 0.133238 0.103499 0.155721 0.103499 0.168212 0.107809 0.168212 0.107745 0.155021 0.103413 0.131839
6 0.085000 0.104894 0.093326 0.116038 0.100991 0.125404 0.110984 0.122731 0.118312 0.110250 0.122306 0.094192 0.126307 0.081712 0.125639 0.066548 0.117981 0.054067 0.105984 0.050058 0.097658 0.054510 0.090999 0.071010 0.085000 0.086173
5 0.084873 0.163795 0.086876 0.178384 0.081215 0.218951 0.085452 0.220010 0.091118 0.178426 0.089121 0.162821
5 0.082369 0.161666 0.074373 0.185301 0.078299 0.187680 0.086295 0.164046
5 0.088350 0.159912 0.100287 0.162146 0.130064 0.156430 0.145103 0.144579 0.164090 0.134319 0.162476 0.128969 0.143205 0.139416 0.128678 0.151085 0.100306 0.156435 0.088977 0.154204
5 0.096559 0.159953 0.099499 0.176116 0.098838 0.198414 0.103145 0.198643 0.103750 0.175566 0.100754 0.158624
5 0.086080 0.153149 0.077821 0.138514 0.077484 0.133610 0.073192 0.134140 0.073928 0.140467 0.082584 0.156524
5 0.083576 0.153107 0.079457 0.150988 0.072460 0.137161 0.068891 0.140397 0.076762 0.155220 0.081755 0.158336
5 0.076712 0.151158 0.068048 0.164533 0.071305 0.168313 0.079969 0.154938
6 0.077004 0.159288 0.079670 0.166423 0.087665 0.169990 0.093994 0.162856 0.096329 0.153942 0.090661 0.145471 0.083003 0.144577
5 0.051387 0.126909 0.045394 0.146458 0.028488 0.157802 0.016839 0.168908 0.002036 0.171307 0.000000 0.174874 0.001405 0.179376 0.003592 0.176429 0.018265 0.174159 0.030669 0.162763 0.048325 0.150216 0.055322 0.129264
5 0.014927 0.170505 0.017585 0.190130 0.021826 0.189101 0.019168 0.169476
5 0.035693 0.153004 0.016038 0.132494 0.013388 0.137044 0.033043 0.157554
5 0.049532 0.138539 0.061013 0.148214 0.076337 0.154897 0.077672 0.149411 0.062838 0.143038 0.051847 0.133672
5 0.068776 0.094301 0.085758 0.100541 0.086900 0.094978 0.069917 0.088738
5 0.066151 0.074902 0.082394 0.054458 0.110045 0.004968 0.106593 0.001513 0.079194 0.050626 0.063203 0.070694
5 0.067820 0.082519 0.069762 0.060458 0.065694 0.040114 0.061031 0.023623 0.057000 0.025665 0.061596 0.041878 0.065542 0.060837 0.063545 0.081789
5 0.067011 0.072115 0.076006 0.072115 0.076006 0.066346 0.067011 0.066346
5 0.045319 0.087655 0.031300 0.098274 0.025202 0.109607 0.014220 0.119170 0.000000 0.127488 0.000823 0.132820 0.016214 0.124259 0.028104 0.113745 0.034070 0.102518 0.047396 0.092710
5 0.024615 0.113256 0.031942 0.127074 0.035457 0.123734 0.028130 0.109917
5 0.035897 0.096318 0.030904 0.084732 0.027170 0.087614 0.032163 0.099201
5 0.050547 0.060056 0.027896 0.029739 0.024848 0.033819 0.047499 0.064136
6 0.037694 0.102221 0.044361 0.113817 0.047694 0.124962 0.056351 0.133433 0.068010 0.132538 0.075007 0.127635 0.078671 0.102663 0.084670 0.090625 0.082335 0.076365 0.076336 0.063875 0.067680 0.058529 0.062680 0.057635 0.055682 0.060760 0.049353 0.053173 0.042694 0.056740 0.042364 0.065663 0.034030 0.085279