2 0.161846 0.058288 0.161600 0.059690 0.160899 0.060879 0.159851 0.061673 0.158614 0.061952 0.157376 0.061673 0.156328 0.060879 0.155627 0.059690 0.155381 0.058288 0.155627 0.056887 0.156328 0.055698 0.157376 0.054904 0.158614 0.054625 0.159851 0.054904 0.160899 0.055698 0.161600 0.056887
2 0.157371 0.053125 0.157143 0.054590 0.156495 0.055831 0.155526 0.056661 0.154382 0.056952 0.153239 0.056661 0.152269 0.055831 0.151621 0.054590 0.151394 0.053125 0.151621 0.051660 0.152269 0.050419 0.153239 0.049589 0.154382 0.049298 0.155526 0.049589 0.156495 0.050419 0.157143 0.051660
2 0.132119 0.114423 0.131853 0.116211 0.131097 0.117727 0.129964 0.118740 0.128628 0.119096 0.127292 0.118740 0.126159 0.117727 0.125402 0.116211 0.125136 0.114423 0.125402 0.112635 0.126159 0.111119 0.127292 0.110106 0.128628 0.109750 0.129964 0.110106 0.131097 0.111119 0.131853 0.112635
2 0.089950 0.167567 0.089710 0.169216 0.089026 0.170613 0.088003 0.171547 0.086796 0.171875 0.085589 0.171547 0.084566 0.170613 0.083882 0.169216 0.083642 0.167567 0.083882 0.165919 0.084566 0.164521 0.085589 0.163588 0.086796 0.163260 0.088003 0.163588 0.089026 0.164521 0.089710 0.165919
2 0.041236 0.179221 0.041011 0.180730 0.040373 0.182009 0.039417 0.182863 0.038290 0.183163 0.037163 0.182863 0.036208 0.182009 0.035569 0.180730 0.035345 0.179221 0.035569 0.177712 0.036208 0.176434 0.037163 0.175579 0.038290 0.175279 0.039417 0.175579 0.040373 0.176434 0.041011 0.177712
2 0.108772 0.096798 0.108576 0.098351 0.108020 0.099667 0.107188 0.100547 0.106207 0.100856 0.105225 0.100547 0.104393 0.099667 0.103837 0.098351 0.103642 0.096798 0.103837 0.095245 0.104393 0.093929 0.105225 0.093049 0.106207 0.092740 0.107188 0.093049 0.108020 0.093929 0.108576 0.095245
2 0.111394 0.074490 0.111252 0.075653 0.110849 0.076639 0.110245 0.077298 0.109533 0.077529 0.108821 0.077298 0.108217 0.076639 0.107814 0.075653 0.107672 0.074490 0.107814 0.073328 0.108217 0.072342 0.108821 0.071683 0.109533 0.071452 0.110245 0.071683 0.110849 0.072342 0.111252 0.073328
2 0.069799 0.088615 0.069579 0.089859 0.068953 0.090913 0.068016 0.091618 0.066911 0.091865 0.065806 0.091618 0.064869 0.090913 0.064243 0.089859 0.064023 0.088615 0.064243 0.087372 0.064869 0.086317 0.065806 0.085613 0.066911 0.085365 0.068016 0.085613 0.068953 0.086317 0.069579 0.087372
2 0.058484 0.074548 0.058273 0.075851 0.057672 0.076955 0.056772 0.077693 0.055711 0.077952 0.054650 0.077693 0.053750 0.076955 0.053149 0.075851 0.052938 0.074548 0.053149 0.073245 0.053750 0.072141 0.054650 0.071403 0.055711 0.071144 0.056772 0.071403 0.057672 0.072141 0.058273 0.073245
2 0.063103 0.087837 0.062866 0.089139 0.062190 0.090243 0.061179 0.090981 0.059986 0.091240 0.058792 0.090981 0.057781 0.090243 0.057105 0.089139 0.056868 0.087837 0.057105 0.086534 0.057781 0.085430 0.058792 0.084692 0.059986 0.084433 0.061179 0.084692 0.062190 0.085430 0.062866 0.086534
5 0.129321 0.118152 0.135283 0.129382 0.138797 0.126041 0.132834 0.114810
5 0.052782 0.002568 0.064678 0.010415 0.069376 0.018502 0.072779 0.014960 0.067361 0.006077 0.054747 0.000000
5 0.085036 0.171288 0.085036 0.187913 0.089346 0.187913 0.089346 0.171288
5 0.082593 0.168866 0.053390 0.210645 0.056538 0.214586 0.085740 0.172807
5 0.090079 0.165213 0.102163 0.148588 0.099073 0.144565 0.086990 0.161190
5 0.084830 0.162280 0.080781 0.158468 0.077756 0.149035 0.073795 0.151311 0.077469 0.161874 0.082167 0.166816
5 0.087873 0.160969 0.080863 0.149335 0.077501 0.134508 0.073376 0.136184 0.077105 0.151954 0.084483 0.164531
5 0.080459 0.174934 0.085157 0.192905 0.089225 0.190999 0.084527 0.173028
5 0.090105 0.168324 0.104927 0.169110 0.130768 0.158773 0.129534 0.153246 0.104413 0.163465 0.090311 0.162561
5 0.113175 0.058971 0.113155 0.045548 0.111253 0.030946 0.106402 0.024008 0.098012 0.014123 0.095164 0.018454 0.103403 0.028141 0.107542 0.033308 0.108865 0.045942 0.108865 0.058971
5 0.071357 0.070302 0.106264 0.016841 0.103018 0.013044 0.068111 0.066506
5 0.115373 0.096733 0.122184 0.089203 0.130867 0.086253 0.136909 0.090301 0.138838 0.085142 0.131408 0.080845 0.120431 0.084104 0.112716 0.092190
5 0.098622 0.092962 0.086532 0.090270 0.085824 0.095961 0.097915 0.098653
5 0.106354 0.105444 0.099982 0.125213 0.103940 0.127498 0.110312 0.107729
5 0.099118 0.052272 0.089714 0.046877 0.088016 0.052180 0.097420 0.057574
5 0.093955 0.097589 0.087461 0.121176 0.091505 0.123171 0.097999 0.099584
5 0.055312 0.105870 0.046534 0.140250 0.028111 0.151836 0.014280 0.168165 0.004388 0.170645 0.005181 0.176316 0.016077 0.173193 0.030420 0.156644 0.049465 0.143861 0.059357 0.107861
5 0.031983 0.150012 0.028894 0.147118 0.026422 0.151844 0.029511 0.154738
5 0.049207 0.135890 0.067138 0.148717 0.069170 0.143629 0.051239 0.130802
5 0.050710 0.102995 0.044187 0.114128 0.039237 0.131926 0.043277 0.133939 0.047889 0.116938 0.054074 0.106601
5 0.061152 0.103574 0.069191 0.138334 0.073309 0.136628 0.065270 0.101868
5 0.073997 0.085642 0.086001 0.081112 0.100534 0.076141 0.099466 0.070551 0.084882 0.075541 0.072828 0.080089
5 0.076555 0.093713 0.091081 0.083780 0.089120 0.078643 0.074594 0.088575
5 0.055360 0.087313 0.044159 0.088565 0.035980 0.095083 0.026044 0.109236 0.029186 0.113187 0.038635 0.099550 0.045380 0.093937 0.055631 0.093071
5 0.050817 0.099329 0.035692 0.101544 0.024620 0.111717 0.004433 0.127159 0.006572 0.132168 0.026908 0.116600 0.037107 0.106796 0.051209 0.105075
5 0.038360 0.101788 0.031305 0.093211 0.028407 0.097481 0.035462 0.106058
5 0.051874 0.094648 0.039697 0.083927 0.037329 0.088746 0.049505 0.099468
5 0.056252 0.067795 0.047445 0.062956 0.042173 0.056505 0.031243 0.055654 0.017844 0.055677 0.000366 0.052696 0.000000 0.058419 0.017572 0.061423 0.031117 0.061418 0.040464 0.061342 0.045005 0.067560 0.054538 0.073089
5 0.054264 0.064001 0.048918 0.042883 0.042594 0.030911 0.040799 0.014699 0.035074 0.000000 0.031219 0.001974 0.036737 0.016387 0.038675 0.032925 0.045089 0.045413 0.050175 0.065826
5 0.062113 0.070064 0.058551 0.060857 0.050922 0.053627 0.048431 0.058335 0.055358 0.064445 0.058217 0.072532
6 0.092586 0.096817 0.106250 0.108308 0.117694 0.094692 0.120869 0.081077 0.115151 0.064490 0.106889 0.049173 0.097989 0.054702 0.096078 0.070442 0.096078 0.083635
6 0.057622 0.108308 0.064935 0.104481 0.075101 0.098096 0.080503 0.089587 0.070654 0.078106 0.070654 0.069596 0.063664 0.064913 0.054124 0.062788 0.049677 0.072577 0.047134 0.086615 0.052220 0.092567 0.050948 0.104481