0 0.135941 0.041712 0.135683 0.043014 0.134948 0.044118 0.133848 0.044856 0.132550 0.045115 0.131253 0.044856 0.130153 0.044118 0.129418 0.043014 0.129159 0.041712 0.129418 0.040409 0.130153 0.039305 0.131253 0.038567 0.132550 0.038308 0.133848 0.038567 0.134948 0.039305 0.135683 0.040409
5 0.044766 0.194783 0.043790 0.210934 0.049127 0.233069 0.053229 0.231297 0.047986 0.210323 0.049056 0.195332
5 0.150427 0.024738 0.133696 0.000000 0.130399 0.001858 0.147130 0.028454
2 0.166200 0.037760 0.165952 0.039357 0.165247 0.040710 0.164191 0.041615 0.162945 0.041933 0.161700 0.041615 0.160644 0.040710 0.159939 0.039357 0.159691 0.037760 0.159939 0.036163 0.160644 0.034809 0.161700 0.033904 0.162945 0.033587 0.164191 0.033904 0.165247 0.034809 0.165952 0.036163
2 0.160230 0.035769 0.160013 0.037156 0.159397 0.038332 0.158474 0.039118 0.157385 0.039394 0.156296 0.039118 0.155373 0.038332 0.154757 0.037156 0.154540 0.035769 0.154757 0.034382 0.155373 0.033206 0.156296 0.032420 0.157385 0.032144 0.158474 0.032420 0.159397 0.033206 0.160013 0.034382
5 0.155620 0.037141 0.150234 0.046269 0.148883 0.060048 0.153157 0.060798 0.154007 0.048522 0.158892 0.040897
0 0.016157 0.112567 0.015980 0.113896 0.015477 0.115022 0.014724 0.115774 0.013836 0.116038 0.012948 0.115774 0.012195 0.115022 0.011692 0.113896 0.011516 0.112567 0.011692 0.111239 0.012195 0.110113 0.012948 0.109360 0.013836 0.109096 0.014724 0.109360 0.015477 0.110113 0.015980 0.111239
0 0.051652 0.181644 0.051476 0.183532 0.050973 0.185132 0.050220 0.186201 0.049332 0.186577 0.048444 0.186201 0.047691 0.185132 0.047188 0.183532 0.047011 0.181644 0.047188 0.179757 0.047691 0.178156 0.048444 0.177087 0.049332 0.176712 0.050220 0.177087 0.050973 0.178156 0.051476 0.179757
0 0.051652 0.173058 0.051496 0.174456 0.051053 0.175641 0.050388 0.176433 0.049605 0.176712 0.048821 0.176433 0.048157 0.175641 0.047713 0.174456 0.047557 0.173058 0.047713 0.171659 0.048157 0.170474 0.048821 0.169682 0.049605 0.169404 0.050388 0.169682 0.051053 0.170474 0.051496 0.171659
0 0.049741 0.166481 0.049586 0.167739 0.049142 0.168806 0.048477 0.169519 0.047694 0.169769 0.046910 0.169519 0.046246 0.168806 0.045802 0.167739 0.045647 0.166481 0.045802 0.165222 0.046246 0.164155 0.046910 0.163443 0.047694 0.163192 0.048477 0.163443 0.049142 0.164155 0.049586 0.165222
0 0.055201 0.173240 0.055056 0.174289 0.054641 0.175178 0.054022 0.175772 0.053290 0.175981 0.052559 0.175772 0.051939 0.175178 0.051525 0.174289 0.051379 0.173240 0.051525 0.172192 0.051939 0.171303 0.052559 0.170709 0.053290 0.170500 0.054022 0.170709 0.054641 0.171303 0.055056 0.172192
0 0.074741 0.192317 0.074534 0.193712 0.073944 0.194894 0.073061 0.195684 0.072019 0.195962 0.070977 0.195684 0.070093 0.194894 0.069503 0.193712 0.069296 0.192317 0.069503 0.190923 0.070093 0.189740 0.070977 0.188950 0.072019 0.188673 0.073061 0.188950 0.073944 0.189740 0.074534 0.190923
0 0.069842 0.167365 0.069635 0.168830 0.069044 0.170071 0.068161 0.170901 0.067119 0.171192 0.066077 0.170901 0.065194 0.170071 0.064604 0.168830 0.064397 0.167365 0.064604 0.165901 0.065194 0.164659 0.066077 0.163830 0.067119 0.163538 0.068161 0.163830 0.069044 0.164659 0.069635 0.165901
0 0.078606 0.154644 0.078302 0.156127 0.077436 0.157384 0.076141 0.158224 0.074612 0.158519 0.073084 0.158224 0.071788 0.157384 0.070922 0.156127 0.070618 0.154644 0.070922 0.153161 0.071788 0.151904 0.073084 0.151064 0.074612 0.150769 0.076141 0.151064 0.077436 0.151904 0.078302 0.153161
0 0.122557 0.157673 0.122309 0.158906 0.121600 0.159951 0.120540 0.160649 0.119289 0.160894 0.118038 0.160649 0.116977 0.159951 0.116269 0.158906 0.116020 0.157673 0.116269 0.156440 0.116977 0.155395 0.118038 0.154697 0.119289 0.154452 0.120540 0.154697 0.121600 0.155395 0.122309 0.156440
0 0.117399 0.156058 0.117256 0.157202 0.116846 0.158172 0.116233 0.158820 0.115510 0.159048 0.114787 0.158820 0.114174 0.158172 0.113765 0.157202 0.113621 0.156058 0.113765 0.154913 0.114174 0.153943 0.114787 0.153295 0.115510 0.153067 0.116233 0.153295 0.116846 0.153943 0.117256 0.154913
0 0.038283 0.115548 0.038087 0.116869 0.037528 0.117989 0.036691 0.118737 0.035704 0.119000 0.034717 0.118737 0.033880 0.117989 0.033321 0.116869 0.033125 0.115548 0.033321 0.114227 0.033880 0.113107 0.034717 0.112359 0.035704 0.112096 0.036691 0.112359 0.037528 0.113107 0.038087 0.114227
0 0.036214 0.083779 0.036044 0.085100 0.035560 0.086220 0.034835 0.086968 0.033980 0.087231 0.033125 0.086968 0.032400 0.086220 0.031916 0.085100 0.031746 0.083779 0.031916 0.082458 0.032400 0.081338 0.033125 0.080590 0.033980 0.080327 0.034835 0.080590 0.035560 0.081338 0.036044 0.082458
0 0.022802 0.072269 0.022474 0.073767 0.021541 0.075036 0.020145 0.075885 0.018499 0.076183 0.016852 0.075885 0.015456 0.075036 0.014523 0.073767 0.014195 0.072269 0.014523 0.070772 0.015456 0.069502 0.016852 0.068654 0.018499 0.068356 0.020145 0.068654 0.021541 0.069502 0.022474 0.070772
0 0.029684 0.065125 0.029356 0.066534 0.028424 0.067729 0.027027 0.068527 0.025381 0.068808 0.023734 0.068527 0.022338 0.067729 0.021405 0.066534 0.021078 0.065125 0.021405 0.063716 0.022338 0.062521 0.023734 0.061723 0.025381 0.061442 0.027027 0.061723 0.028424 0.062521 0.029356 0.063716
0 0.022457 0.065356 0.022274 0.066677 0.021752 0.067797 0.020971 0.068545 0.020050 0.068808 0.019129 0.068545 0.018349 0.067797 0.017827 0.066677 0.017644 0.065356 0.017827 0.064035 0.018349 0.062915 0.019129 0.062167 0.020050 0.061904 0.020971 0.062167 0.021752 0.062915 0.022274 0.064035
0 0.045158 0.071115 0.044949 0.072348 0.044352 0.073393 0.043460 0.074091 0.042407 0.074337 0.041354 0.074091 0.040461 0.073393 0.039865 0.072348 0.039655 0.071115 0.039865 0.069883 0.040461 0.068838 0.041354 0.068139 0.042407 0.067894 0.043460 0.068139 0.044352 0.068838 0.044949 0.069883
0 0.049634 0.068587 0.049424 0.069554 0.048828 0.070375 0.047935 0.070923 0.046882 0.071115 0.045829 0.070923 0.044937 0.070375 0.044340 0.069554 0.044131 0.068587 0.044340 0.067619 0.044937 0.066798 0.045829 0.066250 0.046882 0.066058 0.047935 0.066250 0.048828 0.066798 0.049424 0.067619
0 0.109828 0.086769 0.109618 0.088002 0.109022 0.089047 0.108129 0.089745 0.107076 0.089990 0.106023 0.089745 0.105131 0.089047 0.104534 0.088002 0.104325 0.086769 0.104534 0.085537 0.105131 0.084492 0.106023 0.083793 0.107076 0.083548 0.108129 0.083793 0.109022 0.084492 0.109618 0.085537
0 0.105704 0.083317 0.105521 0.084462 0.104999 0.085432 0.104218 0.086080 0.103297 0.086308 0.102376 0.086080 0.101596 0.085432 0.101074 0.084462 0.100891 0.083317 0.101074 0.082173 0.101596 0.081203 0.102376 0.080555 0.103297 0.080327 0.104218 0.080555 0.104999 0.081203 0.105521 0.082173
0 0.127047 0.103029 0.126879 0.104162 0.126399 0.105123 0.125682 0.105765 0.124835 0.105990 0.123988 0.105765 0.123270 0.105123 0.122791 0.104162 0.122622 0.103029 0.122791 0.101896 0.123270 0.100935 0.123988 0.100293 0.124835 0.100067 0.125682 0.100293 0.126399 0.100935 0.126879 0.101896
0 0.122809 0.102385 0.122670 0.103271 0.122274 0.104023 0.121682 0.104526 0.120984 0.104702 0.120286 0.104526 0.119694 0.104023 0.119298 0.103271 0.119159 0.102385 0.119298 0.101498 0.119694 0.100746 0.120286 0.100244 0.120984 0.100067 0.121682 0.100244 0.122274 0.100746 0.122670 0.101498
0 0.134935 0.099683 0.134716 0.101015 0.134089 0.102144 0.133153 0.102899 0.132047 0.103163 0.130942 0.102899 0.130005 0.102144 0.129379 0.101015 0.129159 0.099683 0.129379 0.098351 0.130005 0.097221 0.130942 0.096467 0.132047 0.096202 0.133153 0.096467 0.134089 0.097221 0.134716 0.098351
0 0.143578 0.082577 0.143319 0.083880 0.142584 0.084984 0.141484 0.085722 0.140187 0.085981 0.138889 0.085722 0.137789 0.084984 0.137054 0.083880 0.136796 0.082577 0.137054 0.081274 0.137789 0.080170 0.138889 0.079432 0.140187 0.079173 0.141484 0.079432 0.142584 0.080170 0.143319 0.081274
0 0.138455 0.040990 0.138322 0.042017 0.137942 0.042887 0.137373 0.043469 0.136703 0.043673 0.136032 0.043469 0.135463 0.042887 0.135083 0.042017 0.134950 0.040990 0.135083 0.039964 0.135463 0.039093 0.136032 0.038512 0.136703 0.038308 0.137373 0.038512 0.137942 0.039093 0.138322 0.039964
0 0.159497 0.086923 0.159325 0.088336 0.158836 0.089534 0.158105 0.090334 0.157241 0.090615 0.156378 0.090334 0.155646 0.089534 0.155157 0.088336 0.154986 0.086923 0.155157 0.085510 0.155646 0.084312 0.156378 0.083512 0.157241 0.083231 0.158105 0.083512 0.158836 0.084312 0.159325 0.085510
0 0.162004 0.094798 0.161833 0.096531 0.161344 0.098000 0.160612 0.098982 0.159749 0.099327 0.158885 0.098982 0.158154 0.098000 0.157665 0.096531 0.157493 0.094798 0.157665 0.093065 0.158154 0.091596 0.158885 0.090614 0.159749 0.090269 0.160612 0.090614 0.161344 0.091596 0.161833 0.093065
0 0.163750 0.085750 0.163569 0.087226 0.163054 0.088476 0.162282 0.089312 0.161372 0.089606 0.160462 0.089312 0.159691 0.088476 0.159175 0.087226 0.158994 0.085750 0.159175 0.084274 0.159691 0.083024 0.160462 0.082188 0.161372 0.081894 0.162282 0.082188 0.163054 0.083024 0.163569 0.084274
0 0.167514 0.081894 0.167343 0.083050 0.166854 0.084029 0.166122 0.084684 0.165259 0.084913 0.164395 0.084684 0.163664 0.084029 0.163175 0.083050 0.163003 0.081894 0.163175 0.080739 0.163664 0.079759 0.164395 0.079105 0.165259 0.078875 0.166122 0.079105 0.166854 0.079759 0.167343 0.080739
0 0.164253 0.079375 0.164100 0.080335 0.163666 0.081150 0.163016 0.081694 0.162249 0.081885 0.161482 0.081694 0.160831 0.081150 0.160397 0.080335 0.160244 0.079375 0.160397 0.078415 0.160831 0.077600 0.161482 0.077056 0.162249 0.076865 0.163016 0.077056 0.163666 0.077600 0.164100 0.078415
0 0.164001 0.074846 0.163849 0.075744 0.163414 0.076505 0.162764 0.077014 0.161997 0.077192 0.161230 0.077014 0.160580 0.076505 0.160145 0.075744 0.159993 0.074846 0.160145 0.073948 0.160580 0.073187 0.161230 0.072679 0.161997 0.072500 0.162764 0.072679 0.163414 0.073187 0.163849 0.073948
0 0.163003 0.070154 0.162860 0.071309 0.162452 0.072289 0.161841 0.072943 0.161121 0.073173 0.160400 0.072943 0.159790 0.072289 0.159382 0.071309 0.159239 0.070154 0.159382 0.068998 0.159790 0.068019 0.160400 0.067364 0.161121 0.067135 0.161841 0.067364 0.162452 0.068019 0.162860 0.068998
0 0.023182 0.006163 0.022987 0.007271 0.022429 0.008210 0.021595 0.008837 0.020611 0.009058 0.019626 0.008837 0.018792 0.008210 0.018235 0.007271 0.018039 0.006163 0.018235 0.005056 0.018792 0.004117 0.019626 0.003490 0.020611 0.003269 0.021595 0.003490 0.022429 0.004117 0.022987 0.005056
0 0.029404 0.033519 0.029177 0.034561 0.028533 0.035443 0.027568 0.036033 0.026430 0.036240 0.025291 0.036033 0.024327 0.035443 0.023682 0.034561 0.023455 0.033519 0.023682 0.032478 0.024327 0.031595 0.025291 0.031005 0.026430 0.030798 0.027568 0.031005 0.028533 0.031595 0.029177 0.032478
0 0.035905 0.034971 0.035637 0.036012 0.034874 0.036895 0.033732 0.037485 0.032385 0.037692 0.031038 0.037485 0.029896 0.036895 0.029133 0.036012 0.028865 0.034971 0.029133 0.033930 0.029896 0.033047 0.031038 0.032457 0.032385 0.032250 0.033732 0.032457 0.034874 0.033047 0.035637 0.033930
0 0.052960 0.041673 0.052743 0.043336 0.052127 0.044746 0.051204 0.045688 0.050115 0.046019 0.049026 0.045688 0.048103 0.044746 0.047487 0.043336 0.047270 0.041673 0.047487 0.040010 0.048103 0.038600 0.049026 0.037658 0.050115 0.037327 0.051204 0.037658 0.052127 0.038600 0.052743 0.040010
0 0.056746 0.036596 0.056540 0.037844 0.055952 0.038901 0.055074 0.039608 0.054037 0.039856 0.053001 0.039608 0.052122 0.038901 0.051535 0.037844 0.051329 0.036596 0.051535 0.035349 0.052122 0.034291 0.053001 0.033585 0.054037 0.033337 0.055074 0.033585 0.055952 0.034291 0.056540 0.035349
0 0.054856 0.051096 0.054650 0.052344 0.054063 0.053401 0.053184 0.054108 0.052148 0.054356 0.051112 0.054108 0.050233 0.053401 0.049646 0.052344 0.049440 0.051096 0.049646 0.049849 0.050233 0.048791 0.051112 0.048085 0.052148 0.047837 0.053184 0.048085 0.054063 0.048791 0.054650 0.049849
0 0.060266 0.052183 0.060039 0.053154 0.059395 0.053978 0.058430 0.054528 0.057292 0.054721 0.056154 0.054528 0.055189 0.053978 0.054544 0.053154 0.054318 0.052183 0.054544 0.051211 0.055189 0.050388 0.056154 0.049837 0.057292 0.049644 0.058430 0.049837 0.059395 0.050388 0.060039 0.051211
0 0.061889 0.055077 0.061755 0.056048 0.061374 0.056872 0.060803 0.057422 0.060129 0.057615 0.059456 0.057422 0.058885 0.056872 0.058503 0.056048 0.058369 0.055077 0.058503 0.054105 0.058885 0.053282 0.059456 0.052732 0.060129 0.052538 0.060803 0.052732 0.061374 0.053282 0.061755 0.054105
0 0.072529 0.028750 0.072335 0.030156 0.071784 0.031347 0.070959 0.032143 0.069986 0.032423 0.069012 0.032143 0.068187 0.031347 0.067636 0.030156 0.067443 0.028750 0.067636 0.027344 0.068187 0.026153 0.069012 0.025357 0.069986 0.025077 0.070959 0.025357 0.071784 0.026153 0.072335 0.027344
0 0.070697 0.035683 0.070527 0.037140 0.070042 0.038375 0.069318 0.039201 0.068463 0.039490 0.067608 0.039201 0.066883 0.038375 0.066399 0.037140 0.066228 0.035683 0.066399 0.034226 0.066883 0.032990 0.067608 0.032165 0.068463 0.031875 0.069318 0.032165 0.070042 0.032990 0.070527 0.034226
0 0.071099 0.040856 0.070976 0.041687 0.070624 0.042392 0.070097 0.042863 0.069476 0.043029 0.068854 0.042863 0.068328 0.042392 0.067976 0.041687 0.067852 0.040856 0.067976 0.040024 0.068328 0.039319 0.068854 0.038848 0.069476 0.038683 0.070097 0.038848 0.070624 0.039319 0.070976 0.040024
0 0.041228 0.018144 0.041081 0.019237 0.040662 0.020164 0.040036 0.020783 0.039296 0.021000 0.038556 0.020783 0.037930 0.020164 0.037511 0.019237 0.037364 0.018144 0.037511 0.017051 0.037930 0.016125 0.038556 0.015506 0.039296 0.015288 0.040036 0.015506 0.040662 0.016125 0.041081 0.017051
0 0.045905 0.013923 0.045696 0.015380 0.045101 0.016616 0.044211 0.017441 0.043161 0.017731 0.042111 0.017441 0.041220 0.016616 0.040626 0.015380 0.040417 0.013923 0.040626 0.012466 0.041220 0.011231 0.042111 0.010405 0.043161 0.010115 0.044211 0.010405 0.045101 0.011231 0.045696 0.012466
0 0.036149 0.011615 0.036002 0.012918 0.035583 0.014022 0.034956 0.014760 0.034217 0.015019 0.033477 0.014760 0.032850 0.014022 0.032432 0.012918 0.032284 0.011615 0.032432 0.010313 0.032850 0.009209 0.033477 0.008471 0.034217 0.008212 0.034956 0.008471 0.035583 0.009209 0.036002 0.010313
0 0.041228 0.008356 0.041074 0.009864 0.040633 0.011143 0.039973 0.011998 0.039195 0.012298 0.038417 0.011998 0.037758 0.011143 0.037317 0.009864 0.037162 0.008356 0.037317 0.006847 0.037758 0.005568 0.038417 0.004714 0.039195 0.004413 0.039973 0.004714 0.040633 0.005568 0.041074 0.006847
0 0.070503 0.012837 0.070319 0.013775 0.069794 0.014570 0.069008 0.015102 0.068082 0.015288 0.067155 0.015102 0.066370 0.014570 0.065845 0.013775 0.065661 0.012837 0.065845 0.011898 0.066370 0.011103 0.067155 0.010571 0.068082 0.010385 0.069008 0.010571 0.069794 0.011103 0.070319 0.011898
0 0.071710 0.008760 0.071493 0.009904 0.070877 0.010874 0.069954 0.011522 0.068865 0.011750 0.067776 0.011522 0.066853 0.010874 0.066237 0.009904 0.066020 0.008760 0.066237 0.007615 0.066853 0.006645 0.067776 0.005997 0.068865 0.005769 0.069954 0.005997 0.070877 0.006645 0.071493 0.007615
0 0.074756 0.006721 0.074532 0.007604 0.073893 0.008353 0.072938 0.008853 0.071810 0.009029 0.070683 0.008853 0.069728 0.008353 0.069089 0.007604 0.068865 0.006721 0.069089 0.005838 0.069728 0.005089 0.070683 0.004589 0.071810 0.004413 0.072938 0.004589 0.073893 0.005089 0.074532 0.005838
0 0.074964 0.002779 0.074779 0.003717 0.074251 0.004513 0.073461 0.005044 0.072529 0.005231 0.071597 0.005044 0.070807 0.004513 0.070279 0.003717 0.070093 0.002779 0.070279 0.001841 0.070807 0.001045 0.071597 0.000514 0.072529 0.000327 0.073461 0.000514 0.074251 0.001045 0.074779 0.001841
0 0.081466 0.035144 0.081148 0.036186 0.080245 0.037068 0.078893 0.037658 0.077299 0.037865 0.075704 0.037658 0.074353 0.037068 0.073449 0.036186 0.073132 0.035144 0.073449 0.034103 0.074353 0.033220 0.075704 0.032630 0.077299 0.032423 0.078893 0.032630 0.080245 0.033220 0.081148 0.034103
0 0.085733 0.037587 0.085524 0.038525 0.084929 0.039320 0.084039 0.039852 0.082989 0.040038 0.081938 0.039852 0.081048 0.039320 0.080453 0.038525 0.080244 0.037587 0.080453 0.036648 0.081048 0.035853 0.081938 0.035321 0.082989 0.035135 0.084039 0.035321 0.084929 0.035853 0.085524 0.036648
0 0.113779 0.009163 0.113562 0.010256 0.112946 0.011183 0.112023 0.011802 0.110934 0.012019 0.109845 0.011802 0.108922 0.011183 0.108306 0.010256 0.108089 0.009163 0.108306 0.008071 0.108922 0.007144 0.109845 0.006525 0.110934 0.006308 0.112023 0.006525 0.112946 0.007144 0.113562 0.008071
0 0.108700 0.006308 0.108483 0.007555 0.107866 0.008613 0.106944 0.009319 0.105855 0.009567 0.104766 0.009319 0.103843 0.008613 0.103227 0.007555 0.103010 0.006308 0.103227 0.005060 0.103843 0.004003 0.104766 0.003296 0.105855 0.003048 0.106944 0.003296 0.107866 0.004003 0.108483 0.005060
5 0.092985 0.029633 0.083840 0.019835 0.081146 0.024339 0.090291 0.034137
0 0.098132 0.026846 0.097977 0.028565 0.097537 0.030021 0.096877 0.030995 0.096099 0.031337 0.095321 0.030995 0.094662 0.030021 0.094221 0.028565 0.094066 0.026846 0.094221 0.025128 0.094662 0.023671 0.095321 0.022698 0.096099 0.022356 0.096877 0.022698 0.097537 0.023671 0.097977 0.025128
0 0.098542 0.034596 0.098402 0.035844 0.098005 0.036901 0.097411 0.037608 0.096710 0.037856 0.096009 0.037608 0.095414 0.036901 0.095017 0.035844 0.094878 0.034596 0.095017 0.033349 0.095414 0.032291 0.096009 0.031585 0.096710 0.031337 0.097411 0.031585 0.098005 0.032291 0.098402 0.033349
0 0.092033 0.043029 0.091886 0.044383 0.091467 0.045531 0.090840 0.046298 0.090101 0.046567 0.089361 0.046298 0.088734 0.045531 0.088315 0.044383 0.088168 0.043029 0.088315 0.041675 0.088734 0.040527 0.089361 0.039760 0.090101 0.039490 0.090840 0.039760 0.091467 0.040527 0.091886 0.041675
0 0.103614 0.036231 0.103490 0.037272 0.103138 0.038155 0.102611 0.038745 0.101990 0.038952 0.101369 0.038745 0.100842 0.038155 0.100490 0.037272 0.100366 0.036231 0.100490 0.035189 0.100842 0.034307 0.101369 0.033717 0.101990 0.033510 0.102611 0.033717 0.103138 0.034307 0.103490 0.035189
0 0.106458 0.032154 0.106281 0.033195 0.105774 0.034078 0.105017 0.034668 0.104124 0.034875 0.103230 0.034668 0.102473 0.034078 0.101967 0.033195 0.101789 0.032154 0.101967 0.031113 0.102473 0.030230 0.103230 0.029640 0.104124 0.029433 0.105017 0.029640 0.105774 0.030230 0.106281 0.031113
0 0.111545 0.038952 0.111274 0.039993 0.110503 0.040876 0.109349 0.041466 0.107989 0.041673 0.106628 0.041466 0.105474 0.040876 0.104703 0.039993 0.104432 0.038952 0.104703 0.037911 0.105474 0.037028 0.106628 0.036438 0.107989 0.036231 0.109349 0.036438 0.110503 0.037028 0.111274 0.037911
0 0.115409 0.034327 0.115208 0.035471 0.114635 0.036441 0.113777 0.037090 0.112766 0.037317 0.111754 0.037090 0.110896 0.036441 0.110323 0.035471 0.110122 0.034327 0.110323 0.033183 0.110896 0.032212 0.111754 0.031564 0.112766 0.031337 0.113777 0.031564 0.114635 0.032212 0.115208 0.033183
0 0.118448 0.028212 0.118209 0.029304 0.117527 0.030231 0.116506 0.030850 0.115302 0.031067 0.114098 0.030850 0.113077 0.030231 0.112395 0.029304 0.112155 0.028212 0.112395 0.027119 0.113077 0.026192 0.114098 0.025573 0.115302 0.025356 0.116506 0.025573 0.117527 0.026192 0.118209 0.027119
0 0.122924 0.028481 0.122723 0.029471 0.122150 0.030310 0.121292 0.030870 0.120280 0.031067 0.119268 0.030870 0.118411 0.030310 0.117838 0.029471 0.117636 0.028481 0.117838 0.027491 0.118411 0.026652 0.119268 0.026091 0.120280 0.025894 0.121292 0.026091 0.122150 0.026652 0.122723 0.027491
0 0.124950 0.029567 0.124818 0.030347 0.124445 0.031009 0.123885 0.031451 0.123226 0.031606 0.122566 0.031451 0.122006 0.031009 0.121633 0.030347 0.121501 0.029567 0.121633 0.028787 0.122006 0.028126 0.122566 0.027684 0.123226 0.027529 0.123885 0.027684 0.124445 0.028126 0.124818 0.028787
0 0.119670 0.040173 0.119438 0.041266 0.118777 0.042192 0.117789 0.042811 0.116624 0.043029 0.115458 0.042811 0.114470 0.042192 0.113809 0.041266 0.113578 0.040173 0.113809 0.039080 0.114470 0.038154 0.115458 0.037535 0.116624 0.037317 0.117789 0.037535 0.118777 0.038154 0.119438 0.039080
0 0.122917 0.042625 0.122731 0.043615 0.122203 0.044454 0.121413 0.045015 0.120481 0.045212 0.119549 0.045015 0.118759 0.044454 0.118231 0.043615 0.118046 0.042625 0.118231 0.041635 0.118759 0.040796 0.119549 0.040235 0.120481 0.040038 0.121413 0.040235 0.122203 0.040796 0.122731 0.041635
0 0.125359 0.086144 0.125189 0.087027 0.124705 0.087776 0.123980 0.088276 0.123125 0.088452 0.122270 0.088276 0.121545 0.087776 0.121061 0.087027 0.120891 0.086144 0.121061 0.085261 0.121545 0.084512 0.122270 0.084012 0.123125 0.083837 0.123980 0.084012 0.124705 0.084512 0.125189 0.085261
0 0.125769 0.080702 0.125599 0.082211 0.125114 0.083490 0.124389 0.084344 0.123534 0.084644 0.122679 0.084344 0.121955 0.083490 0.121470 0.082211 0.121300 0.080702 0.121470 0.079193 0.121955 0.077914 0.122679 0.077060 0.123534 0.076760 0.124389 0.077060 0.125114 0.077914 0.125599 0.079193
0 0.126580 0.073904 0.126433 0.075309 0.126014 0.076501 0.125388 0.077297 0.124648 0.077577 0.123908 0.077297 0.123282 0.076501 0.122863 0.075309 0.122716 0.073904 0.122863 0.072498 0.123282 0.071307 0.123908 0.070510 0.124648 0.070231 0.125388 0.070510 0.126014 0.071307 0.126433 0.072498
0 0.126171 0.067240 0.125939 0.068385 0.125279 0.069355 0.124291 0.070003 0.123125 0.070231 0.121959 0.070003 0.120971 0.069355 0.120311 0.068385 0.120079 0.067240 0.120311 0.066096 0.120971 0.065126 0.121959 0.064478 0.123125 0.064250 0.124291 0.064478 0.125279 0.065126 0.125939 0.066096
0 0.121092 0.063837 0.120875 0.064929 0.120259 0.065856 0.119336 0.066475 0.118247 0.066692 0.117158 0.066475 0.116236 0.065856 0.115619 0.064929 0.115402 0.063837 0.115619 0.062744 0.116236 0.061817 0.117158 0.061198 0.118247 0.060981 0.119336 0.061198 0.120259 0.061817 0.120875 0.062744
0 0.106458 0.073635 0.106234 0.074624 0.105596 0.075464 0.104640 0.076024 0.103513 0.076221 0.102386 0.076024 0.101430 0.075464 0.100792 0.074624 0.100568 0.073635 0.100792 0.072645 0.101430 0.071806 0.102386 0.071245 0.103513 0.071048 0.104640 0.071245 0.105596 0.071806 0.106234 0.072645
0 0.101178 0.074587 0.100923 0.075941 0.100196 0.077089 0.099107 0.077856 0.097823 0.078125 0.096539 0.077856 0.095451 0.077089 0.094724 0.075941 0.094468 0.074587 0.094724 0.073232 0.095451 0.072084 0.096539 0.071317 0.097823 0.071048 0.099107 0.071317 0.100196 0.072084 0.100923 0.073232
0 0.085560 0.076413 0.085385 0.077595 0.084885 0.078596 0.084137 0.079265 0.083254 0.079500 0.082372 0.079265 0.081624 0.078596 0.081124 0.077595 0.080948 0.076413 0.081124 0.075232 0.081624 0.074231 0.082372 0.073562 0.083254 0.073327 0.084137 0.073562 0.084885 0.074231 0.085385 0.075232
0 0.082241 0.072846 0.082044 0.073991 0.081482 0.074961 0.080640 0.075609 0.079648 0.075837 0.078656 0.075609 0.077814 0.074961 0.077252 0.073991 0.077055 0.072846 0.077252 0.071702 0.077814 0.070732 0.078656 0.070083 0.079648 0.069856 0.080640 0.070083 0.081482 0.070732 0.082044 0.071702
0 0.077766 0.073423 0.077552 0.074715 0.076943 0.075810 0.076032 0.076541 0.074957 0.076798 0.073882 0.076541 0.072971 0.075810 0.072362 0.074715 0.072148 0.073423 0.072362 0.072132 0.072971 0.071037 0.073882 0.070305 0.074957 0.070048 0.076032 0.070305 0.076943 0.071037 0.077552 0.072132
6 0.014181 0.140029 0.016918 0.165029 0.037421 0.190635 0.062019 0.192462 0.075230 0.222346 0.096645 0.209538 0.108944 0.172346 0.141746 0.155269 0.145388 0.121125 0.134001 0.089413 0.132177 0.052827 0.104389 0.034529 0.092543 0.032096 0.076595 0.043683 0.058376 0.035750 0.052342 0.000000 0.000000 0.000000 0.000000 0.065692 0.011904 0.078433 0.019195 0.100385
6 0.175287 0.081308 0.170445 0.070510 0.169540 0.031481 0.175287 0.025471