2 0.157931 0.035519 0.157702 0.037208 0.157049 0.038640 0.156073 0.039597 0.154921 0.039933 0.153769 0.039597 0.152793 0.038640 0.152140 0.037208 0.151911 0.035519 0.152140 0.033830 0.152793 0.032398 0.153769 0.031442 0.154921 0.031106 0.156073 0.031442 0.157049 0.032398 0.157702 0.033830
2 0.162522 0.037058 0.162281 0.038599 0.161598 0.039907 0.160575 0.040780 0.159368 0.041087 0.158161 0.040780 0.157138 0.039907 0.156454 0.038599 0.156214 0.037058 0.156454 0.035516 0.157138 0.034209 0.158161 0.033336 0.159368 0.033029 0.160575 0.033336 0.161598 0.034209 0.162281 0.035516
5 0.152008 0.038242 0.147547 0.049910 0.142389 0.074103 0.146534 0.075686 0.151533 0.052027 0.155837 0.040893
0 0.155345 0.114423 0.155159 0.116038 0.154632 0.117408 0.153841 0.118323 0.152909 0.118644 0.151978 0.118323 0.151187 0.117408 0.150660 0.116038 0.150474 0.114423 0.150660 0.112808 0.151187 0.111438 0.151978 0.110523 0.152909 0.110202 0.153841 0.110523 0.154632 0.111438 0.155159 0.112808
0 0.073010 0.192567 0.072792 0.193962 0.072171 0.195144 0.071241 0.195934 0.070144 0.196212 0.069047 0.195934 0.068117 0.195144 0.067495 0.193962 0.067277 0.192567 0.067495 0.191173 0.068117 0.189990 0.069047 0.189200 0.070144 0.188923 0.071241 0.189200 0.072171 0.189990 0.072792 0.191173
0 0.076164 0.188538 0.075989 0.189859 0.075493 0.190979 0.074749 0.191728 0.073872 0.191990 0.072995 0.191728 0.072252 0.190979 0.071755 0.189859 0.071580 0.188538 0.071755 0.187217 0.072252 0.186098 0.072995 0.185349 0.073872 0.185087 0.074749 0.185349 0.075493 0.186098 0.075989 0.187217
0 0.093376 0.168760 0.093202 0.170007 0.092705 0.171065 0.091962 0.171771 0.091085 0.172019 0.090208 0.171771 0.089464 0.171065 0.088968 0.170007 0.088793 0.168760 0.088968 0.167512 0.089464 0.166455 0.090208 0.165748 0.091085 0.165500 0.091962 0.165748 0.092705 0.166455 0.093202 0.167512
0 0.164239 0.039933 0.164020 0.040816 0.163399 0.041564 0.162469 0.042065 0.161372 0.042240 0.160275 0.042065 0.159345 0.041564 0.158724 0.040816 0.158506 0.039933 0.158724 0.039050 0.159345 0.038301 0.160275 0.037801 0.161372 0.037625 0.162469 0.037801 0.163399 0.038301 0.164020 0.039050
0 0.147601 0.089087 0.147415 0.090260 0.146887 0.091255 0.146097 0.091920 0.145165 0.092154 0.144233 0.091920 0.143443 0.091255 0.142915 0.090260 0.142730 0.089087 0.142915 0.087913 0.143443 0.086918 0.144233 0.086253 0.145165 0.086019 0.146097 0.086253 0.146887 0.086918 0.147415 0.087913
0 0.143872 0.085048 0.143654 0.086005 0.143033 0.086816 0.142103 0.087358 0.141006 0.087548 0.139909 0.087358 0.138979 0.086816 0.138358 0.086005 0.138139 0.085048 0.138358 0.084091 0.138979 0.083280 0.139909 0.082738 0.141006 0.082548 0.142103 0.082738 0.143033 0.083280 0.143654 0.084091
0 0.147033 0.079865 0.146869 0.082069 0.146402 0.083938 0.145703 0.085187 0.144878 0.085625 0.144053 0.085187 0.143354 0.083938 0.142887 0.082069 0.142723 0.079865 0.142887 0.077661 0.143354 0.075793 0.144053 0.074544 0.144878 0.074106 0.145703 0.074544 0.146402 0.075793 0.146869 0.077661
0 0.149030 0.070269 0.148856 0.071885 0.148359 0.073254 0.147615 0.074169 0.146739 0.074490 0.145862 0.074169 0.145118 0.073254 0.144621 0.071885 0.144447 0.070269 0.144621 0.068654 0.145118 0.067284 0.145862 0.066369 0.146739 0.066048 0.147615 0.066369 0.148359 0.067284 0.148856 0.068654
0 0.154195 0.065279 0.153955 0.066309 0.153272 0.067183 0.152249 0.067766 0.151042 0.067971 0.149835 0.067766 0.148812 0.067183 0.148128 0.066309 0.147888 0.065279 0.148128 0.064249 0.148812 0.063375 0.149835 0.062791 0.151042 0.062587 0.152249 0.062791 0.153272 0.063375 0.153955 0.064249
0 0.148750 0.061625 0.148586 0.063167 0.148119 0.064474 0.147420 0.065347 0.146595 0.065654 0.145770 0.065347 0.145071 0.064474 0.144604 0.063167 0.144440 0.061625 0.144604 0.060083 0.145071 0.058776 0.145770 0.057903 0.146595 0.057596 0.147420 0.057903 0.148119 0.058776 0.148586 0.060083
0 0.149037 0.053952 0.148884 0.055056 0.148448 0.055992 0.147796 0.056617 0.147026 0.056837 0.146256 0.056617 0.145604 0.055992 0.145167 0.055056 0.145014 0.053952 0.145167 0.052848 0.145604 0.051912 0.146256 0.051287 0.147026 0.051067 0.147796 0.051287 0.148448 0.051912 0.148884 0.052848
0 0.132399 0.064317 0.132246 0.066448 0.131810 0.068254 0.131158 0.069461 0.130388 0.069885 0.129618 0.069461 0.128966 0.068254 0.128530 0.066448 0.128376 0.064317 0.128530 0.062187 0.128966 0.060381 0.129618 0.059174 0.130388 0.058750 0.131158 0.059174 0.131810 0.060381 0.132246 0.062187
0 0.132399 0.054337 0.132116 0.055878 0.131307 0.057185 0.130098 0.058059 0.128671 0.058365 0.127244 0.058059 0.126035 0.057185 0.125226 0.055878 0.124943 0.054337 0.125226 0.052795 0.126035 0.051488 0.127244 0.050614 0.128671 0.050308 0.130098 0.050614 0.131307 0.051488 0.132116 0.052795
0 0.126085 0.055673 0.125910 0.056847 0.125414 0.057842 0.124670 0.058507 0.123793 0.058740 0.122916 0.058507 0.122173 0.057842 0.121676 0.056847 0.121501 0.055673 0.121676 0.054499 0.122173 0.053504 0.122916 0.052839 0.123793 0.052606 0.124670 0.052839 0.125414 0.053504 0.125910 0.054499
0 0.146746 0.030144 0.146582 0.031686 0.146114 0.032993 0.145415 0.033866 0.144591 0.034173 0.143766 0.033866 0.143067 0.032993 0.142599 0.031686 0.142435 0.030144 0.142599 0.028602 0.143067 0.027295 0.143766 0.026422 0.144591 0.026115 0.145415 0.026422 0.146114 0.027295 0.146582 0.028602
0 0.147320 0.021500 0.147156 0.023557 0.146689 0.025301 0.145990 0.026466 0.145165 0.026875 0.144340 0.026466 0.143641 0.025301 0.143174 0.023557 0.143010 0.021500 0.143174 0.019443 0.143641 0.017699 0.144340 0.016534 0.145165 0.016125 0.145990 0.016534 0.146689 0.017699 0.147156 0.019443
0 0.157931 0.020154 0.157691 0.021401 0.157007 0.022459 0.155984 0.023165 0.154777 0.023413 0.153570 0.023165 0.152547 0.022459 0.151864 0.021401 0.151624 0.020154 0.151864 0.018906 0.152547 0.017849 0.153570 0.017142 0.154777 0.016894 0.155984 0.017142 0.157007 0.017849 0.157691 0.018906
0 0.155345 0.006913 0.155149 0.008234 0.154589 0.009354 0.153753 0.010103 0.152766 0.010365 0.151779 0.010103 0.150942 0.009354 0.150383 0.008234 0.150187 0.006913 0.150383 0.005592 0.150942 0.004473 0.151779 0.003724 0.152766 0.003462 0.153753 0.003724 0.154589 0.004473 0.155149 0.005592
0 0.170266 0.055673 0.169829 0.056703 0.168585 0.057577 0.166722 0.058160 0.164526 0.058365 0.162329 0.058160 0.160467 0.057577 0.159223 0.056703 0.158786 0.055673 0.159223 0.054643 0.160467 0.053769 0.162329 0.053186 0.164526 0.052981 0.166722 0.053186 0.168585 0.053769 0.169829 0.054643
0 0.175144 0.051644 0.174936 0.052892 0.174346 0.053949 0.173463 0.054656 0.172421 0.054904 0.171379 0.054656 0.170496 0.053949 0.169906 0.052892 0.169698 0.051644 0.169906 0.050397 0.170496 0.049339 0.171379 0.048633 0.172421 0.048385 0.173463 0.048633 0.174346 0.049339 0.174936 0.050397
0 0.176286 0.044538 0.176111 0.046301 0.175615 0.047795 0.174871 0.048794 0.173994 0.049144 0.173117 0.048794 0.172374 0.047795 0.171877 0.046301 0.171703 0.044538 0.171877 0.042776 0.172374 0.041282 0.173117 0.040283 0.173994 0.039933 0.174871 0.040283 0.175615 0.041282 0.176111 0.042776
0 0.116904 0.028221 0.116620 0.029325 0.115812 0.030261 0.114602 0.030886 0.113175 0.031106 0.111748 0.030886 0.110539 0.030261 0.109731 0.029325 0.109447 0.028221 0.109731 0.027117 0.110539 0.026181 0.111748 0.025556 0.113175 0.025337 0.114602 0.025556 0.115812 0.026181 0.116620 0.027117
0 0.118915 0.025538 0.118795 0.026495 0.118452 0.027306 0.117940 0.027848 0.117335 0.028038 0.116730 0.027848 0.116217 0.027306 0.115875 0.026495 0.115754 0.025538 0.115875 0.024582 0.116217 0.023771 0.116730 0.023229 0.117335 0.023038 0.117940 0.023229 0.118452 0.023771 0.118795 0.024582
0 0.108585 0.040894 0.108279 0.042142 0.107409 0.043199 0.106106 0.043906 0.104569 0.044154 0.103032 0.043906 0.101729 0.043199 0.100859 0.042142 0.100553 0.040894 0.100859 0.039647 0.101729 0.038589 0.103032 0.037883 0.104569 0.037635 0.106106 0.037883 0.107409 0.038589 0.108279 0.039647
0 0.140424 0.006529 0.140271 0.007559 0.139837 0.008433 0.139187 0.009016 0.138420 0.009221 0.137653 0.009016 0.137002 0.008433 0.136568 0.007559 0.136415 0.006529 0.136568 0.005499 0.137002 0.004625 0.137653 0.004041 0.138420 0.003837 0.139187 0.004041 0.139837 0.004625 0.140271 0.005499
0 0.136128 0.005760 0.135964 0.006790 0.135497 0.007663 0.134797 0.008247 0.133973 0.008452 0.133148 0.008247 0.132449 0.007663 0.131982 0.006790 0.131818 0.005760 0.131982 0.004729 0.132449 0.003856 0.133148 0.003272 0.133973 0.003067 0.134797 0.003272 0.135497 0.003856 0.135964 0.004729
0 0.131250 0.003452 0.131076 0.004626 0.130579 0.005621 0.129835 0.006286 0.128958 0.006519 0.128081 0.006286 0.127338 0.005621 0.126841 0.004626 0.126667 0.003452 0.126841 0.002278 0.127338 0.001283 0.128081 0.000618 0.128958 0.000385 0.129835 0.000618 0.130579 0.001283 0.131076 0.002278
0 0.123499 0.172404 0.123324 0.173725 0.122827 0.174845 0.122084 0.175593 0.121207 0.175856 0.120330 0.175593 0.119586 0.174845 0.119090 0.173725 0.118915 0.172404 0.119090 0.171083 0.119586 0.169963 0.120330 0.169215 0.121207 0.168952 0.122084 0.169215 0.122827 0.169963 0.123324 0.171083
0 0.039159 0.173558 0.038941 0.175026 0.038320 0.176271 0.037390 0.177102 0.036293 0.177394 0.035196 0.177102 0.034266 0.176271 0.033645 0.175026 0.033427 0.173558 0.033645 0.172090 0.034266 0.170845 0.035196 0.170013 0.036293 0.169721 0.037390 0.170013 0.038320 0.170845 0.038941 0.172090
0 0.011329 0.105981 0.011144 0.107449 0.010616 0.108694 0.009826 0.109525 0.008894 0.109817 0.007962 0.109525 0.007172 0.108694 0.006644 0.107449 0.006458 0.105981 0.006644 0.104513 0.007172 0.103268 0.007962 0.102436 0.008894 0.102144 0.009826 0.102436 0.010616 0.103268 0.011144 0.104513
0 0.009325 0.020731 0.009150 0.022052 0.008653 0.023172 0.007910 0.023920 0.007033 0.024183 0.006156 0.023920 0.005413 0.023172 0.004916 0.022052 0.004741 0.020731 0.004916 0.019410 0.005413 0.018290 0.006156 0.017542 0.007033 0.017279 0.007910 0.017542 0.008653 0.018290 0.009150 0.019410
0 0.011616 0.012288 0.011442 0.013609 0.010945 0.014729 0.010202 0.015478 0.009325 0.015740 0.008448 0.015478 0.007704 0.014729 0.007207 0.013609 0.007033 0.012288 0.007207 0.010967 0.007704 0.009848 0.008448 0.009099 0.009325 0.008837 0.010202 0.009099 0.010945 0.009848 0.011442 0.010967
0 0.062687 0.179125 0.062425 0.180372 0.061679 0.181430 0.060563 0.182136 0.059246 0.182385 0.057929 0.182136 0.056812 0.181430 0.056067 0.180372 0.055805 0.179125 0.056067 0.177878 0.056812 0.176820 0.057929 0.176114 0.059246 0.175865 0.060563 0.176114 0.061679 0.176820 0.062425 0.177878
0 0.068994 0.173942 0.068689 0.175263 0.067818 0.176383 0.066515 0.177131 0.064978 0.177394 0.063442 0.177131 0.062139 0.176383 0.061268 0.175263 0.060963 0.173942 0.061268 0.172621 0.062139 0.171501 0.063442 0.170753 0.064978 0.170490 0.066515 0.170753 0.067818 0.171501 0.068689 0.172621
0 0.064691 0.147644 0.064462 0.148892 0.063809 0.149949 0.062833 0.150656 0.061681 0.150904 0.060529 0.150656 0.059553 0.149949 0.058900 0.148892 0.058671 0.147644 0.058900 0.146397 0.059553 0.145339 0.060529 0.144633 0.061681 0.144385 0.062833 0.144633 0.063809 0.145339 0.064462 0.146397
0 0.073872 0.152058 0.073643 0.153379 0.072991 0.154499 0.072014 0.155247 0.070862 0.155510 0.069710 0.155247 0.068734 0.154499 0.068081 0.153379 0.067852 0.152058 0.068081 0.150737 0.068734 0.149617 0.069710 0.148869 0.070862 0.148606 0.072014 0.148869 0.072991 0.149617 0.073643 0.150737
0 0.036868 0.097721 0.036606 0.098969 0.035860 0.100026 0.034744 0.100733 0.033427 0.100981 0.032110 0.100733 0.030994 0.100026 0.030248 0.098969 0.029986 0.097721 0.030248 0.096474 0.030994 0.095416 0.032110 0.094710 0.033427 0.094462 0.034744 0.094710 0.035860 0.095416 0.036606 0.096474
0 0.045187 0.095038 0.044936 0.096286 0.044221 0.097343 0.043151 0.098050 0.041889 0.098298 0.040628 0.098050 0.039558 0.097343 0.038843 0.096286 0.038592 0.095038 0.038843 0.093791 0.039558 0.092734 0.040628 0.092027 0.041889 0.091779 0.043151 0.092027 0.044221 0.092734 0.044936 0.093791
0 0.054368 0.091192 0.054095 0.092440 0.053318 0.093497 0.052155 0.094204 0.050783 0.094452 0.049411 0.094204 0.048248 0.093497 0.047471 0.092440 0.047198 0.091192 0.047471 0.089945 0.048248 0.088887 0.049411 0.088181 0.050783 0.087933 0.052155 0.088181 0.053318 0.088887 0.054095 0.089945
0 0.059526 0.086202 0.059286 0.087597 0.058602 0.088779 0.057579 0.089569 0.056372 0.089846 0.055165 0.089569 0.054142 0.088779 0.053458 0.087597 0.053218 0.086202 0.053458 0.084807 0.054142 0.083625 0.055165 0.082835 0.056372 0.082558 0.057579 0.082835 0.058602 0.083625 0.059286 0.084807
0 0.054073 0.085625 0.053899 0.086655 0.053402 0.087529 0.052659 0.088112 0.051782 0.088317 0.050905 0.088112 0.050161 0.087529 0.049664 0.086655 0.049490 0.085625 0.049664 0.084595 0.050161 0.083721 0.050905 0.083138 0.051782 0.082933 0.052659 0.083138 0.053402 0.083721 0.053899 0.084595
0 0.064978 0.081212 0.064782 0.083048 0.064223 0.084604 0.063386 0.085644 0.062399 0.086010 0.061412 0.085644 0.060576 0.084604 0.060017 0.083048 0.059820 0.081212 0.060017 0.079375 0.060576 0.077819 0.061412 0.076779 0.062399 0.076413 0.063386 0.076779 0.064223 0.077819 0.064782 0.079375
0 0.065266 0.073721 0.065080 0.074895 0.064553 0.075890 0.063762 0.076555 0.062830 0.076788 0.061898 0.076555 0.061108 0.075890 0.060580 0.074895 0.060395 0.073721 0.060580 0.072547 0.061108 0.071552 0.061898 0.070887 0.062830 0.070654 0.063762 0.070887 0.064553 0.071552 0.065080 0.072547
0 0.059239 0.076413 0.059042 0.078029 0.058483 0.079398 0.057646 0.080313 0.056659 0.080635 0.055673 0.080313 0.054836 0.079398 0.054277 0.078029 0.054080 0.076413 0.054277 0.074798 0.054836 0.073429 0.055673 0.072514 0.056659 0.072192 0.057646 0.072514 0.058483 0.073429 0.059042 0.074798
0 0.048053 0.081404 0.047769 0.082434 0.046961 0.083308 0.045752 0.083891 0.044325 0.084096 0.042898 0.083891 0.041688 0.083308 0.040880 0.082434 0.040596 0.081404 0.040880 0.080374 0.041688 0.079500 0.042898 0.078916 0.044325 0.078712 0.045752 0.078916 0.046961 0.079500 0.047769 0.080374
0 0.040596 0.081019 0.040432 0.082050 0.039965 0.082923 0.039266 0.083507 0.038441 0.083712 0.037616 0.083507 0.036917 0.082923 0.036450 0.082050 0.036286 0.081019 0.036450 0.079989 0.036917 0.079115 0.037616 0.078532 0.038441 0.078327 0.039266 0.078532 0.039965 0.079115 0.040432 0.079989
0 0.036861 0.072760 0.036686 0.074154 0.036189 0.075336 0.035446 0.076126 0.034569 0.076404 0.033692 0.076126 0.032949 0.075336 0.032452 0.074154 0.032277 0.072760 0.032452 0.071365 0.032949 0.070183 0.033692 0.069393 0.034569 0.069115 0.035446 0.069393 0.036189 0.070183 0.036686 0.071365
0 0.044899 0.073337 0.044616 0.074658 0.043807 0.075777 0.042598 0.076526 0.041171 0.076788 0.039744 0.076526 0.038535 0.075777 0.037726 0.074658 0.037443 0.073337 0.037726 0.072016 0.038535 0.070896 0.039744 0.070147 0.041171 0.069885 0.042598 0.070147 0.043807 0.070896 0.044616 0.072016
0 0.024813 0.065663 0.024551 0.066984 0.023805 0.068104 0.022689 0.068853 0.021372 0.069115 0.020055 0.068853 0.018939 0.068104 0.018193 0.066984 0.017931 0.065663 0.018193 0.064342 0.018939 0.063223 0.020055 0.062474 0.021372 0.062212 0.022689 0.062474 0.023805 0.063223 0.024551 0.064342
0 0.031415 0.060288 0.031077 0.061319 0.030113 0.062192 0.028670 0.062776 0.026968 0.062981 0.025267 0.062776 0.023824 0.062192 0.022860 0.061319 0.022522 0.060288 0.022860 0.059258 0.023824 0.058385 0.025267 0.057801 0.026968 0.057596 0.028670 0.057801 0.030113 0.058385 0.031077 0.059258
0 0.025963 0.056635 0.025788 0.057591 0.025291 0.058402 0.024548 0.058944 0.023671 0.059135 0.022794 0.058944 0.022051 0.058402 0.021554 0.057591 0.021379 0.056635 0.021554 0.055678 0.022051 0.054867 0.022794 0.054325 0.023671 0.054135 0.024548 0.054325 0.025291 0.054867 0.025788 0.055678
0 0.034001 0.057212 0.033837 0.058680 0.033370 0.059924 0.032671 0.060756 0.031846 0.061048 0.031022 0.060756 0.030322 0.059924 0.029855 0.058680 0.029691 0.057212 0.029855 0.055743 0.030322 0.054499 0.031022 0.053667 0.031846 0.053375 0.032671 0.053667 0.033370 0.054499 0.033837 0.055743
0 0.035144 0.051644 0.034969 0.052892 0.034472 0.053949 0.033729 0.054656 0.032852 0.054904 0.031975 0.054656 0.031232 0.053949 0.030735 0.052892 0.030560 0.051644 0.030735 0.050397 0.031232 0.049339 0.031975 0.048633 0.032852 0.048385 0.033729 0.048633 0.034472 0.049339 0.034969 0.050397
0 0.017356 0.046269 0.017138 0.047517 0.016517 0.048574 0.015587 0.049281 0.014490 0.049529 0.013393 0.049281 0.012463 0.048574 0.011842 0.047517 0.011624 0.046269 0.011842 0.045022 0.012463 0.043964 0.013393 0.043258 0.014490 0.043010 0.015587 0.043258 0.016517 0.043964 0.017138 0.045022
0 0.049770 0.035327 0.049585 0.036795 0.049057 0.038040 0.048267 0.038871 0.047335 0.039163 0.046403 0.038871 0.045613 0.038040 0.045085 0.036795 0.044899 0.035327 0.045085 0.033859 0.045613 0.032614 0.046403 0.031782 0.047335 0.031490 0.048267 0.031782 0.049057 0.032614 0.049585 0.033859
0 0.047766 0.029183 0.047580 0.030651 0.047053 0.031896 0.046262 0.032727 0.045330 0.033019 0.044398 0.032727 0.043608 0.031896 0.043080 0.030651 0.042895 0.029183 0.043080 0.027715 0.043608 0.026470 0.044398 0.025638 0.045330 0.025346 0.046262 0.025638 0.047053 0.026470 0.047580 0.027715
0 0.080467 0.026298 0.080282 0.027545 0.079754 0.028603 0.078964 0.029310 0.078032 0.029558 0.077100 0.029310 0.076310 0.028603 0.075782 0.027545 0.075596 0.026298 0.075782 0.025051 0.076310 0.023993 0.077100 0.023287 0.078032 0.023038 0.078964 0.023287 0.079754 0.023993 0.080282 0.025051
0 0.086207 0.026490 0.086032 0.027811 0.085536 0.028931 0.084792 0.029680 0.083915 0.029942 0.083038 0.029680 0.082295 0.028931 0.081798 0.027811 0.081624 0.026490 0.081798 0.025169 0.082295 0.024050 0.083038 0.023301 0.083915 0.023038 0.084792 0.023301 0.085536 0.024050 0.086032 0.025169
0 0.091372 0.028029 0.091198 0.029350 0.090701 0.030470 0.089957 0.031218 0.089080 0.031481 0.088203 0.031218 0.087460 0.030470 0.086963 0.029350 0.086789 0.028029 0.086963 0.026708 0.087460 0.025588 0.088203 0.024840 0.089080 0.024577 0.089957 0.024840 0.090701 0.025588 0.091198 0.026708
0 0.102270 0.048962 0.102052 0.050356 0.101431 0.051538 0.100501 0.052328 0.099404 0.052606 0.098307 0.052328 0.097377 0.051538 0.096756 0.050356 0.096537 0.048962 0.096756 0.047567 0.097377 0.046385 0.098307 0.045595 0.099404 0.045317 0.100501 0.045595 0.101431 0.046385 0.102052 0.047567
0 0.114318 0.076990 0.114121 0.078238 0.113562 0.079295 0.112725 0.080002 0.111739 0.080250 0.110752 0.080002 0.109915 0.079295 0.109356 0.078238 0.109159 0.076990 0.109356 0.075743 0.109915 0.074685 0.110752 0.073979 0.111739 0.073731 0.112725 0.073979 0.113562 0.074685 0.114121 0.075743
0 0.122356 0.079096 0.122149 0.080417 0.121559 0.081537 0.120676 0.082285 0.119634 0.082548 0.118592 0.082285 0.117708 0.081537 0.117118 0.080417 0.116911 0.079096 0.117118 0.077775 0.117708 0.076655 0.118592 0.075907 0.119634 0.075644 0.120676 0.075907 0.121559 0.076655 0.122149 0.077775
0 0.125223 0.090231 0.125048 0.091699 0.124551 0.092944 0.123808 0.093775 0.122931 0.094067 0.122054 0.093775 0.121311 0.092944 0.120814 0.091699 0.120639 0.090231 0.120814 0.088763 0.121311 0.087518 0.122054 0.086686 0.122931 0.086394 0.123808 0.086686 0.124551 0.087518 0.125048 0.088763
0 0.129820 0.099067 0.129667 0.100830 0.129231 0.102324 0.128579 0.103322 0.127809 0.103673 0.127039 0.103322 0.126387 0.102324 0.125951 0.100830 0.125797 0.099067 0.125951 0.097305 0.126387 0.095811 0.127039 0.094812 0.127809 0.094462 0.128579 0.094812 0.129231 0.095811 0.129667 0.097305
0 0.133542 0.104442 0.133334 0.105616 0.132744 0.106611 0.131861 0.107276 0.130819 0.107510 0.129777 0.107276 0.128894 0.106611 0.128304 0.105616 0.128096 0.104442 0.128304 0.103268 0.128894 0.102273 0.129777 0.101608 0.130819 0.101375 0.131861 0.101608 0.132744 0.102273 0.133334 0.103268
0 0.124080 0.103288 0.123927 0.104904 0.123491 0.106273 0.122839 0.107188 0.122069 0.107510 0.121299 0.107188 0.120647 0.106273 0.120211 0.104904 0.120057 0.103288 0.120211 0.101673 0.120647 0.100304 0.121299 0.099389 0.122069 0.099067 0.122839 0.099389 0.123491 0.100304 0.123927 0.101673
0 0.124655 0.119606 0.124513 0.120853 0.124108 0.121911 0.123502 0.122617 0.122787 0.122865 0.122073 0.122617 0.121467 0.121911 0.121062 0.120853 0.120920 0.119606 0.121062 0.118358 0.121467 0.117301 0.122073 0.116594 0.122787 0.116346 0.123502 0.116594 0.124108 0.117301 0.124513 0.118358
0 0.123786 0.114231 0.123579 0.115625 0.122988 0.116808 0.122105 0.117598 0.121063 0.117875 0.120021 0.117598 0.119138 0.116808 0.118548 0.115625 0.118341 0.114231 0.118548 0.112836 0.119138 0.111654 0.120021 0.110864 0.121063 0.110587 0.122105 0.110864 0.122988 0.111654 0.123579 0.112836
0 0.119203 0.110587 0.118886 0.112055 0.117984 0.113299 0.116635 0.114131 0.115043 0.114423 0.113451 0.114131 0.112102 0.113299 0.111200 0.112055 0.110884 0.110587 0.111200 0.109118 0.112102 0.107874 0.113451 0.107042 0.115043 0.106750 0.116635 0.107042 0.117984 0.107874 0.118886 0.109118
0 0.109159 0.104250 0.108908 0.105939 0.108194 0.107371 0.107124 0.108328 0.105862 0.108663 0.104600 0.108328 0.103530 0.107371 0.102816 0.105939 0.102565 0.104250 0.102816 0.102561 0.103530 0.101129 0.104600 0.100172 0.105862 0.099837 0.107124 0.100172 0.108194 0.101129 0.108908 0.102561
0 0.105718 0.097337 0.105489 0.098731 0.104837 0.099913 0.103860 0.100703 0.102708 0.100981 0.101556 0.100703 0.100580 0.099913 0.099927 0.098731 0.099698 0.097337 0.099927 0.095942 0.100580 0.094760 0.101556 0.093970 0.102708 0.093692 0.103860 0.093970 0.104837 0.094760 0.105489 0.095942
0 0.103994 0.086394 0.103820 0.087715 0.103323 0.088835 0.102580 0.089583 0.101703 0.089846 0.100826 0.089583 0.100082 0.088835 0.099585 0.087715 0.099411 0.086394 0.099585 0.085073 0.100082 0.083953 0.100826 0.083205 0.101703 0.082942 0.102580 0.083205 0.103323 0.083953 0.103820 0.085073
0 0.099691 0.094846 0.099517 0.096167 0.099020 0.097287 0.098276 0.098035 0.097399 0.098298 0.096522 0.098035 0.095779 0.097287 0.095282 0.096167 0.095108 0.094846 0.095282 0.093525 0.095779 0.092405 0.096522 0.091657 0.097399 0.091394 0.098276 0.091657 0.099020 0.092405 0.099517 0.093525
0 0.101695 0.089856 0.101499 0.091030 0.100940 0.092025 0.100103 0.092690 0.099116 0.092923 0.098129 0.092690 0.097293 0.092025 0.096734 0.091030 0.096537 0.089856 0.096734 0.088682 0.097293 0.087687 0.098129 0.087022 0.099116 0.086788 0.100103 0.087022 0.100940 0.087687 0.101499 0.088682
0 0.097392 0.088894 0.097174 0.090142 0.096553 0.091199 0.095623 0.091906 0.094526 0.092154 0.093429 0.091906 0.092499 0.091199 0.091878 0.090142 0.091659 0.088894 0.091878 0.087647 0.092499 0.086589 0.093429 0.085883 0.094526 0.085635 0.095623 0.085883 0.096553 0.086589 0.097174 0.087647
0 0.091947 0.087356 0.091740 0.088898 0.091149 0.090205 0.090266 0.091078 0.089224 0.091385 0.088182 0.091078 0.087299 0.090205 0.086709 0.088898 0.086501 0.087356 0.086709 0.085814 0.087299 0.084507 0.088182 0.083634 0.089224 0.083327 0.090266 0.083634 0.091149 0.084507 0.091740 0.085814
0 0.089368 0.081404 0.089204 0.082578 0.088737 0.083573 0.088037 0.084238 0.087213 0.084471 0.086388 0.084238 0.085689 0.083573 0.085222 0.082578 0.085057 0.081404 0.085222 0.080230 0.085689 0.079235 0.086388 0.078570 0.087213 0.078337 0.088037 0.078570 0.088737 0.079235 0.089204 0.080230
0 0.089080 0.075837 0.088786 0.077084 0.087946 0.078141 0.086690 0.078848 0.085208 0.079096 0.083727 0.078848 0.082470 0.078141 0.081631 0.077084 0.081336 0.075837 0.081631 0.074589 0.082470 0.073532 0.083727 0.072825 0.085208 0.072577 0.086690 0.072825 0.087946 0.073532 0.088786 0.074589
0 0.082191 0.077952 0.082006 0.079126 0.081478 0.080121 0.080688 0.080786 0.079756 0.081019 0.078824 0.080786 0.078034 0.080121 0.077506 0.079126 0.077320 0.077952 0.077506 0.076778 0.078034 0.075783 0.078824 0.075118 0.079756 0.074885 0.080688 0.075118 0.081478 0.075783 0.082006 0.076778
0 0.096537 0.070462 0.096254 0.071565 0.095445 0.072501 0.094236 0.073127 0.092809 0.073346 0.091382 0.073127 0.090172 0.072501 0.089364 0.071565 0.089080 0.070462 0.089364 0.069358 0.090172 0.068422 0.091382 0.067797 0.092809 0.067577 0.094236 0.067797 0.095445 0.068422 0.096254 0.069358
0 0.090223 0.069115 0.090048 0.069999 0.089551 0.070747 0.088808 0.071247 0.087931 0.071423 0.087054 0.071247 0.086311 0.070747 0.085814 0.069999 0.085639 0.069115 0.085814 0.068232 0.086311 0.067484 0.087054 0.066983 0.087931 0.066808 0.088808 0.066983 0.089551 0.067484 0.090048 0.068232
0 0.076164 0.072952 0.075957 0.074273 0.075366 0.075393 0.074483 0.076141 0.073441 0.076404 0.072399 0.076141 0.071516 0.075393 0.070926 0.074273 0.070718 0.072952 0.070926 0.071631 0.071516 0.070511 0.072399 0.069763 0.073441 0.069500 0.074483 0.069763 0.075366 0.070511 0.075957 0.071631
0 0.083348 0.065087 0.083184 0.065896 0.082716 0.066582 0.082017 0.067041 0.081193 0.067202 0.080368 0.067041 0.079669 0.066582 0.079201 0.065896 0.079037 0.065087 0.079201 0.064277 0.079669 0.063591 0.080368 0.063132 0.081193 0.062971 0.082017 0.063132 0.082716 0.063591 0.083184 0.064277
0 0.086782 0.062394 0.086596 0.063351 0.086068 0.064162 0.085278 0.064704 0.084346 0.064894 0.083414 0.064704 0.082624 0.064162 0.082096 0.063351 0.081911 0.062394 0.082096 0.061438 0.082624 0.060626 0.083414 0.060085 0.084346 0.059894 0.085278 0.060085 0.086068 0.060626 0.086596 0.061438
0 0.091372 0.060288 0.091154 0.061319 0.090533 0.062192 0.089603 0.062776 0.088506 0.062981 0.087409 0.062776 0.086479 0.062192 0.085858 0.061319 0.085639 0.060288 0.085858 0.059258 0.086479 0.058385 0.087409 0.057801 0.088506 0.057596 0.089603 0.057801 0.090533 0.058385 0.091154 0.059258
0 0.061537 0.059519 0.061275 0.061135 0.060529 0.062504 0.059413 0.063419 0.058096 0.063740 0.056779 0.063419 0.055663 0.062504 0.054917 0.061135 0.054655 0.059519 0.054917 0.057904 0.055663 0.056534 0.056779 0.055619 0.058096 0.055298 0.059413 0.055619 0.060529 0.056534 0.061275 0.057904
0 0.055223 0.055106 0.054994 0.056353 0.054341 0.057411 0.053365 0.058117 0.052213 0.058365 0.051061 0.058117 0.050084 0.057411 0.049432 0.056353 0.049203 0.055106 0.049432 0.053858 0.050084 0.052801 0.051061 0.052094 0.052213 0.051846 0.053365 0.052094 0.054341 0.052801 0.054994 0.053858
0 0.052069 0.050106 0.051851 0.051353 0.051229 0.052411 0.050300 0.053117 0.049203 0.053365 0.048106 0.053117 0.047176 0.052411 0.046554 0.051353 0.046336 0.050106 0.046554 0.048858 0.047176 0.047801 0.048106 0.047094 0.049203 0.046846 0.050300 0.047094 0.051229 0.047801 0.051851 0.048858
0 0.059526 0.049913 0.059209 0.051087 0.058308 0.052082 0.056958 0.052747 0.055366 0.052981 0.053775 0.052747 0.052425 0.052082 0.051524 0.051087 0.051207 0.049913 0.051524 0.048740 0.052425 0.047745 0.053775 0.047080 0.055366 0.046846 0.056958 0.047080 0.058308 0.047745 0.059209 0.048740
0 0.066415 0.057981 0.066164 0.059302 0.065449 0.060422 0.064380 0.061170 0.063118 0.061433 0.061856 0.061170 0.060786 0.060422 0.060071 0.059302 0.059820 0.057981 0.060071 0.056660 0.060786 0.055540 0.061856 0.054792 0.063118 0.054529 0.064380 0.054792 0.065449 0.055540 0.066164 0.056660
0 0.069001 0.056250 0.068859 0.057354 0.068454 0.058290 0.067848 0.058915 0.067134 0.059135 0.066419 0.058915 0.065813 0.058290 0.065408 0.057354 0.065266 0.056250 0.065408 0.055146 0.065813 0.054210 0.066419 0.053585 0.067134 0.053365 0.067848 0.053585 0.068454 0.054210 0.068859 0.055146
0 0.071861 0.062394 0.071621 0.064083 0.070937 0.065515 0.069914 0.066472 0.068707 0.066808 0.067500 0.066472 0.066477 0.065515 0.065793 0.064083 0.065553 0.062394 0.065793 0.060705 0.066477 0.059273 0.067500 0.058317 0.068707 0.057981 0.069914 0.058317 0.070937 0.059273 0.071621 0.060705
0 0.046616 0.062587 0.046442 0.063908 0.045945 0.065027 0.045202 0.065776 0.044325 0.066038 0.043448 0.065776 0.042704 0.065027 0.042207 0.063908 0.042033 0.062587 0.042207 0.061266 0.042704 0.060146 0.043448 0.059397 0.044325 0.059135 0.045202 0.059397 0.045945 0.060146 0.046442 0.061266
0 0.046329 0.055106 0.046122 0.056942 0.045532 0.058499 0.044648 0.059539 0.043606 0.059904 0.042564 0.059539 0.041681 0.058499 0.041091 0.056942 0.040884 0.055106 0.041091 0.053270 0.041681 0.051713 0.042564 0.050673 0.043606 0.050308 0.044648 0.050673 0.045532 0.051713 0.046122 0.053270
0 0.074734 0.049913 0.074516 0.051382 0.073895 0.052626 0.072965 0.053458 0.071868 0.053750 0.070771 0.053458 0.069841 0.052626 0.069220 0.051382 0.069001 0.049913 0.069220 0.048445 0.069841 0.047201 0.070771 0.046369 0.071868 0.046077 0.072965 0.046369 0.073895 0.047201 0.074516 0.048445
0 0.077888 0.045692 0.077713 0.046723 0.077217 0.047596 0.076473 0.048180 0.075596 0.048385 0.074719 0.048180 0.073976 0.047596 0.073479 0.046723 0.073305 0.045692 0.073479 0.044662 0.073976 0.043789 0.074719 0.043205 0.075596 0.043000 0.076473 0.043205 0.077217 0.043789 0.077713 0.044662
0 0.074734 0.040894 0.074592 0.042289 0.074187 0.043471 0.073581 0.044261 0.072866 0.044538 0.072152 0.044261 0.071546 0.043471 0.071141 0.042289 0.070999 0.040894 0.071141 0.039500 0.071546 0.038317 0.072152 0.037527 0.072866 0.037250 0.073581 0.037527 0.074187 0.038317 0.074592 0.039500
0 0.074454 0.035327 0.074290 0.036501 0.073823 0.037496 0.073124 0.038161 0.072299 0.038394 0.071474 0.038161 0.070775 0.037496 0.070308 0.036501 0.070144 0.035327 0.070308 0.034153 0.070775 0.033158 0.071474 0.032493 0.072299 0.032260 0.073124 0.032493 0.073823 0.033158 0.074290 0.034153
0 0.083341 0.050490 0.083155 0.052327 0.082627 0.053883 0.081837 0.054923 0.080905 0.055288 0.079973 0.054923 0.079183 0.053883 0.078655 0.052327 0.078470 0.050490 0.078655 0.048654 0.079183 0.047098 0.079973 0.046058 0.080905 0.045692 0.081837 0.046058 0.082627 0.047098 0.083155 0.048654
0 0.085065 0.043385 0.084901 0.044706 0.084433 0.045825 0.083734 0.046574 0.082909 0.046837 0.082085 0.046574 0.081386 0.045825 0.080918 0.044706 0.080754 0.043385 0.080918 0.042064 0.081386 0.040944 0.082085 0.040195 0.082909 0.039933 0.083734 0.040195 0.084433 0.040944 0.084901 0.042064
0 0.081904 0.038587 0.081696 0.039834 0.081106 0.040891 0.080223 0.041598 0.079181 0.041846 0.078139 0.041598 0.077256 0.040891 0.076666 0.039834 0.076458 0.038587 0.076666 0.037339 0.077256 0.036282 0.078139 0.035575 0.079181 0.035327 0.080223 0.035575 0.081106 0.036282 0.081696 0.037339
0 0.068994 0.034365 0.068831 0.036054 0.068365 0.037486 0.067668 0.038443 0.066846 0.038779 0.066024 0.038443 0.065327 0.037486 0.064862 0.036054 0.064698 0.034365 0.064862 0.032676 0.065327 0.031245 0.066024 0.030288 0.066846 0.029952 0.067668 0.030288 0.068365 0.031245 0.068831 0.032676
0 0.064116 0.038779 0.063909 0.040100 0.063319 0.041220 0.062436 0.041968 0.061394 0.042231 0.060352 0.041968 0.059468 0.041220 0.058878 0.040100 0.058671 0.038779 0.058878 0.037458 0.059468 0.036338 0.060352 0.035590 0.061394 0.035327 0.062436 0.035590 0.063319 0.036338 0.063909 0.037458
0 0.064116 0.033212 0.063931 0.034459 0.063403 0.035516 0.062613 0.036223 0.061681 0.036471 0.060749 0.036223 0.059959 0.035516 0.059431 0.034459 0.059246 0.033212 0.059431 0.031964 0.059959 0.030907 0.060749 0.030200 0.061681 0.029952 0.062613 0.030200 0.063403 0.030907 0.063931 0.031964
0 0.062112 0.027260 0.061916 0.028581 0.061357 0.029700 0.060520 0.030449 0.059533 0.030712 0.058546 0.030449 0.057709 0.029700 0.057150 0.028581 0.056954 0.027260 0.057150 0.025939 0.057709 0.024819 0.058546 0.024070 0.059533 0.023808 0.060520 0.024070 0.061357 0.024819 0.061916 0.025939
6 0.042615 0.197385 0.065280 0.218500 0.092536 0.226183 0.109174 0.195077 0.130690 0.178952 0.145316 0.161288 0.140733 0.121740 0.129828 0.097548 0.126674 0.068365 0.108886 0.053010 0.089662 0.045712 0.069296 0.056846 0.064131 0.039952 0.056509 0.000000 0.000000 0.000000 0.000000 0.064663 0.015158 0.075933 0.017371 0.101692 0.007759 0.127462 0.015158 0.166087 0.027011 0.193856