2 0.155582 0.061163 0.155426 0.062275 0.154982 0.063217 0.154318 0.063846 0.153534 0.064067 0.152751 0.063846 0.152087 0.063217 0.151643 0.062275 0.151487 0.061163 0.151643 0.060052 0.152087 0.059110 0.152751 0.058481 0.153534 0.058260 0.154318 0.058481 0.154982 0.059110 0.155426 0.060052
2 0.153412 0.064385 0.153238 0.065617 0.152741 0.066662 0.151998 0.067361 0.151121 0.067606 0.150244 0.067361 0.149500 0.066662 0.149003 0.065617 0.148829 0.064385 0.149003 0.063152 0.149500 0.062107 0.150244 0.061409 0.151121 0.061163 0.151998 0.061409 0.152741 0.062107 0.153238 0.063152
2 0.155338 0.050202 0.155163 0.051313 0.154666 0.052255 0.153923 0.052885 0.153046 0.053106 0.152169 0.052885 0.151426 0.052255 0.150929 0.051313 0.150754 0.050202 0.150929 0.049091 0.151426 0.048149 0.152169 0.047519 0.153046 0.047298 0.153923 0.047519 0.154666 0.048149 0.155163 0.049091
2 0.160151 0.035048 0.159931 0.036406 0.159305 0.037557 0.158368 0.038326 0.157263 0.038596 0.156158 0.038326 0.155221 0.037557 0.154595 0.036406 0.154375 0.035048 0.154595 0.033690 0.155221 0.032539 0.156158 0.031770 0.157263 0.031500 0.158368 0.031770 0.159305 0.032539 0.159931 0.033690
2 0.165697 0.036173 0.165468 0.037593 0.164815 0.038798 0.163839 0.039602 0.162687 0.039885 0.161535 0.039602 0.160558 0.038798 0.159906 0.037593 0.159677 0.036173 0.159906 0.034753 0.160558 0.033549 0.161535 0.032744 0.162687 0.032462 0.163839 0.032744 0.164815 0.033549 0.165468 0.034753
5 0.156273 0.035790 0.152249 0.048753 0.153693 0.060358 0.157945 0.059411 0.156335 0.049479 0.160193 0.038190
0 0.170402 0.061519 0.170222 0.062480 0.169708 0.063294 0.168939 0.063838 0.168032 0.064029 0.167124 0.063838 0.166355 0.063294 0.165841 0.062480 0.165661 0.061519 0.165841 0.060559 0.166355 0.059745 0.167124 0.059201 0.168032 0.059010 0.168939 0.059201 0.169708 0.059745 0.170222 0.060559
0 0.169418 0.057154 0.169290 0.058269 0.168926 0.059214 0.168380 0.059846 0.167737 0.060067 0.167094 0.059846 0.166548 0.059214 0.166184 0.058269 0.166056 0.057154 0.166184 0.056039 0.166548 0.055094 0.167094 0.054462 0.167737 0.054240 0.168380 0.054462 0.168926 0.055094 0.169290 0.056039
0 0.167443 0.053192 0.167284 0.054204 0.166834 0.055062 0.166161 0.055635 0.165366 0.055837 0.164572 0.055635 0.163898 0.055062 0.163448 0.054204 0.163290 0.053192 0.163448 0.052180 0.163898 0.051323 0.164572 0.050749 0.165366 0.050548 0.166161 0.050749 0.166834 0.051323 0.167284 0.052180
0 0.172529 0.095673 0.172353 0.096932 0.171853 0.097998 0.171105 0.098711 0.170223 0.098962 0.169340 0.098711 0.168592 0.097998 0.168092 0.096932 0.167917 0.095673 0.168092 0.094415 0.168592 0.093348 0.169340 0.092635 0.170223 0.092385 0.171105 0.092635 0.171853 0.093348 0.172353 0.094415
0 0.174677 0.089712 0.174525 0.091364 0.174092 0.092764 0.173444 0.093700 0.172680 0.094029 0.171915 0.093700 0.171267 0.092764 0.170834 0.091364 0.170682 0.089712 0.170834 0.088059 0.171267 0.086659 0.171915 0.085723 0.172680 0.085394 0.173444 0.085723 0.174092 0.086659 0.174525 0.088059
0 0.155941 0.116644 0.155766 0.117744 0.155266 0.118677 0.154518 0.119300 0.153635 0.119519 0.152753 0.119300 0.152004 0.118677 0.151505 0.117744 0.151329 0.116644 0.151505 0.115544 0.152004 0.114611 0.152753 0.113988 0.153635 0.113769 0.154518 0.113988 0.155266 0.114611 0.155766 0.115544
0 0.149792 0.115000 0.149628 0.116100 0.149163 0.117033 0.148466 0.117656 0.147644 0.117875 0.146822 0.117656 0.146125 0.117033 0.145659 0.116100 0.145496 0.115000 0.145659 0.113900 0.146125 0.112967 0.146822 0.112344 0.147644 0.112125 0.148466 0.112344 0.149163 0.112967 0.149628 0.113900
0 0.159626 0.159817 0.159439 0.161076 0.158907 0.162143 0.158110 0.162855 0.157170 0.163106 0.156229 0.162855 0.155432 0.162143 0.154900 0.161076 0.154713 0.159817 0.154900 0.158559 0.155432 0.157492 0.156229 0.156779 0.157170 0.156529 0.158110 0.156779 0.158907 0.157492 0.159439 0.158559
0 0.149799 0.149337 0.149658 0.150672 0.149258 0.151805 0.148659 0.152561 0.147953 0.152827 0.147246 0.152561 0.146647 0.151805 0.146247 0.150672 0.146106 0.149337 0.146247 0.148001 0.146647 0.146868 0.147246 0.146112 0.147953 0.145846 0.148659 0.146112 0.149258 0.146868 0.149658 0.148001
0 0.144267 0.144808 0.144092 0.145989 0.143592 0.146990 0.142844 0.147659 0.141961 0.147894 0.141079 0.147659 0.140331 0.146990 0.139831 0.145989 0.139655 0.144808 0.139831 0.143627 0.140331 0.142625 0.141079 0.141956 0.141961 0.141721 0.142844 0.141956 0.143592 0.142625 0.144092 0.143627
0 0.122450 0.080673 0.122251 0.081696 0.121686 0.082563 0.120840 0.083143 0.119842 0.083346 0.118844 0.083143 0.117998 0.082563 0.117433 0.081696 0.117234 0.080673 0.117433 0.079650 0.117998 0.078783 0.118844 0.078203 0.119842 0.078000 0.120840 0.078203 0.121686 0.078783 0.122251 0.079650
0 0.127062 0.074913 0.126875 0.075936 0.126342 0.076804 0.125545 0.077383 0.124605 0.077587 0.123665 0.077383 0.122868 0.076804 0.122335 0.075936 0.122148 0.074913 0.122335 0.073891 0.122868 0.073023 0.123665 0.072444 0.124605 0.072240 0.125545 0.072444 0.126342 0.073023 0.126875 0.073891
0 0.113240 0.076356 0.113064 0.077456 0.112565 0.078389 0.111816 0.079012 0.110934 0.079231 0.110051 0.079012 0.109303 0.078389 0.108803 0.077456 0.108628 0.076356 0.108803 0.075256 0.109303 0.074323 0.110051 0.073700 0.110934 0.073481 0.111816 0.073700 0.112565 0.074323 0.113064 0.075256
0 0.108240 0.064817 0.108020 0.066208 0.107392 0.067387 0.106453 0.068175 0.105345 0.068452 0.104237 0.068175 0.103298 0.067387 0.102670 0.066208 0.102450 0.064817 0.102670 0.063426 0.103298 0.062247 0.104237 0.061459 0.105345 0.061183 0.106453 0.061459 0.107392 0.062247 0.108020 0.063426
0 0.111861 0.071365 0.111640 0.073592 0.111013 0.075479 0.110073 0.076740 0.108966 0.077183 0.107858 0.076740 0.106918 0.075479 0.106291 0.073592 0.106070 0.071365 0.106291 0.069139 0.106918 0.067252 0.107858 0.065991 0.108966 0.065548 0.110073 0.065991 0.111013 0.067252 0.111640 0.069139
0 0.113671 0.062635 0.113451 0.064118 0.112823 0.065375 0.111884 0.066215 0.110776 0.066510 0.109668 0.066215 0.108729 0.065375 0.108101 0.064118 0.107881 0.062635 0.108101 0.061152 0.108729 0.059895 0.109668 0.059055 0.110776 0.058760 0.111884 0.059055 0.112823 0.059895 0.113451 0.061152
0 0.098664 0.050673 0.098500 0.051862 0.098033 0.052869 0.097333 0.053542 0.096509 0.053779 0.095684 0.053542 0.094985 0.052869 0.094518 0.051862 0.094353 0.050673 0.094518 0.049485 0.094985 0.048477 0.095684 0.047804 0.096509 0.047567 0.097333 0.047804 0.098033 0.048477 0.098500 0.049485
0 0.098664 0.044471 0.098475 0.045998 0.097936 0.047293 0.097129 0.048158 0.096178 0.048462 0.095227 0.048158 0.094421 0.047293 0.093882 0.045998 0.093693 0.044471 0.093882 0.042944 0.094421 0.041650 0.095227 0.040785 0.096178 0.040481 0.097129 0.040785 0.097936 0.041650 0.098475 0.042944
0 0.091372 0.056221 0.091158 0.057664 0.090547 0.058886 0.089634 0.059703 0.088556 0.059990 0.087478 0.059703 0.086565 0.058886 0.085954 0.057664 0.085740 0.056221 0.085954 0.054779 0.086565 0.053556 0.087478 0.052739 0.088556 0.052452 0.089634 0.052739 0.090547 0.053556 0.091158 0.054779
0 0.113240 0.051346 0.113076 0.052789 0.112609 0.054011 0.111910 0.054828 0.111085 0.055115 0.110260 0.054828 0.109561 0.054011 0.109094 0.052789 0.108930 0.051346 0.109094 0.049904 0.109561 0.048681 0.110260 0.047864 0.111085 0.047577 0.111910 0.047864 0.112609 0.048681 0.113076 0.049904
0 0.104296 0.050010 0.104145 0.051114 0.103713 0.052049 0.103068 0.052675 0.102306 0.052894 0.101545 0.052675 0.100899 0.052049 0.100468 0.051114 0.100316 0.050010 0.100468 0.048906 0.100899 0.047970 0.101545 0.047345 0.102306 0.047125 0.103068 0.047345 0.103713 0.047970 0.104145 0.048906
0 0.106947 0.046019 0.106795 0.047123 0.106364 0.048059 0.105718 0.048684 0.104957 0.048904 0.104195 0.048684 0.103550 0.048059 0.103118 0.047123 0.102967 0.046019 0.103118 0.044915 0.103550 0.043979 0.104195 0.043354 0.104957 0.043135 0.105718 0.043354 0.106364 0.043979 0.106795 0.044915
0 0.078455 0.010990 0.078279 0.012264 0.077776 0.013343 0.077023 0.014064 0.076135 0.014317 0.075247 0.014064 0.074494 0.013343 0.073991 0.012264 0.073815 0.010990 0.073991 0.009717 0.074494 0.008638 0.075247 0.007917 0.076135 0.007663 0.077023 0.007917 0.077776 0.008638 0.078279 0.009717
0 0.022141 0.093240 0.021939 0.094598 0.021364 0.095749 0.020504 0.096518 0.019490 0.096788 0.018476 0.096518 0.017615 0.095749 0.017041 0.094598 0.016839 0.093240 0.017041 0.091883 0.017615 0.090732 0.018476 0.089962 0.019490 0.089692 0.020504 0.089962 0.021364 0.090732 0.021939 0.091883
0 0.010208 0.107433 0.010007 0.108790 0.009432 0.109942 0.008572 0.110711 0.007557 0.110981 0.006543 0.110711 0.005683 0.109942 0.005108 0.108790 0.004907 0.107433 0.005108 0.106075 0.005683 0.104924 0.006543 0.104155 0.007557 0.103885 0.008572 0.104155 0.009432 0.104924 0.010007 0.106075
0 0.016178 0.160423 0.016002 0.161696 0.015499 0.162776 0.014746 0.163497 0.013858 0.163750 0.012970 0.163497 0.012217 0.162776 0.011714 0.161696 0.011537 0.160423 0.011714 0.159150 0.012217 0.158071 0.012970 0.157349 0.013858 0.157096 0.014746 0.157349 0.015499 0.158071 0.016002 0.159150
0 0.032737 0.159308 0.032535 0.160665 0.031961 0.161817 0.031101 0.162586 0.030086 0.162856 0.029072 0.162586 0.028212 0.161817 0.027637 0.160665 0.027435 0.159308 0.027637 0.157950 0.028212 0.156799 0.029072 0.156030 0.030086 0.155760 0.031101 0.156030 0.031961 0.156799 0.032535 0.157950
0 0.030086 0.205644 0.029884 0.206917 0.029310 0.207997 0.028450 0.208718 0.027435 0.208971 0.026421 0.208718 0.025561 0.207997 0.024986 0.206917 0.024784 0.205644 0.024986 0.204371 0.025561 0.203292 0.026421 0.202571 0.027435 0.202317 0.028450 0.202571 0.029310 0.203292 0.029884 0.204371
0 0.139411 0.211192 0.139234 0.212381 0.138731 0.213388 0.137978 0.214062 0.137091 0.214298 0.136203 0.214062 0.135450 0.213388 0.134947 0.212381 0.134770 0.211192 0.134947 0.210004 0.135450 0.208996 0.136203 0.208323 0.137091 0.208087 0.137978 0.208323 0.138731 0.208996 0.139234 0.210004
0 0.121193 0.206308 0.120978 0.207496 0.120368 0.208504 0.119454 0.209177 0.118376 0.209413 0.117299 0.209177 0.116385 0.208504 0.115775 0.207496 0.115560 0.206308 0.115775 0.205119 0.116385 0.204112 0.117299 0.203438 0.118376 0.203202 0.119454 0.203438 0.120368 0.204112 0.120978 0.205119
0 0.076466 0.217837 0.076264 0.219194 0.075689 0.220345 0.074829 0.221115 0.073815 0.221385 0.072800 0.221115 0.071940 0.220345 0.071366 0.219194 0.071164 0.217837 0.071366 0.216479 0.071940 0.215328 0.072800 0.214559 0.073815 0.214288 0.074829 0.214559 0.075689 0.215328 0.076264 0.216479
0 0.106947 0.195673 0.106732 0.197031 0.106122 0.198182 0.105208 0.198951 0.104131 0.199221 0.103053 0.198951 0.102139 0.198182 0.101529 0.197031 0.101315 0.195673 0.101529 0.194315 0.102139 0.193164 0.103053 0.192395 0.104131 0.192125 0.105208 0.192395 0.106122 0.193164 0.106732 0.194315
0 0.103628 0.187913 0.103401 0.189356 0.102755 0.190579 0.101787 0.191396 0.100647 0.191683 0.099506 0.191396 0.098538 0.190579 0.097892 0.189356 0.097665 0.187913 0.097892 0.186471 0.098538 0.185248 0.099506 0.184431 0.100647 0.184144 0.101787 0.184431 0.102755 0.185248 0.103401 0.186471
0 0.131128 0.175490 0.130939 0.176764 0.130400 0.177843 0.129593 0.178564 0.128642 0.178817 0.127691 0.178564 0.126885 0.177843 0.126346 0.176764 0.126157 0.175490 0.126346 0.174217 0.126885 0.173138 0.127691 0.172417 0.128642 0.172163 0.129593 0.172417 0.130400 0.173138 0.130939 0.174217
0 0.062550 0.191904 0.062311 0.193346 0.061629 0.194569 0.060608 0.195386 0.059404 0.195673 0.058200 0.195386 0.057179 0.194569 0.056497 0.193346 0.056257 0.191904 0.056497 0.190461 0.057179 0.189239 0.058200 0.188422 0.059404 0.188135 0.060608 0.188422 0.061629 0.189239 0.062311 0.190461
0 0.038700 0.180596 0.038523 0.182292 0.038020 0.183731 0.037267 0.184691 0.036379 0.185029 0.035491 0.184691 0.034739 0.183731 0.034236 0.182292 0.034059 0.180596 0.034236 0.178900 0.034739 0.177462 0.035491 0.176501 0.036379 0.176163 0.037267 0.176501 0.038020 0.177462 0.038523 0.178900
0 0.041681 0.173058 0.041479 0.174415 0.040905 0.175567 0.040045 0.176336 0.039030 0.176606 0.038016 0.176336 0.037156 0.175567 0.036581 0.174415 0.036379 0.173058 0.036581 0.171700 0.037156 0.170549 0.038016 0.169780 0.039030 0.169510 0.040045 0.169780 0.040905 0.170549 0.041479 0.171700
0 0.152076 0.028644 0.151803 0.029969 0.151026 0.031092 0.149863 0.031842 0.148491 0.032106 0.147120 0.031842 0.145957 0.031092 0.145179 0.029969 0.144907 0.028644 0.145179 0.027320 0.145957 0.026197 0.147120 0.025446 0.148491 0.025183 0.149863 0.025446 0.151026 0.026197 0.151803 0.027320
0 0.145302 0.026250 0.145105 0.027475 0.144544 0.028514 0.143705 0.029208 0.142716 0.029452 0.141726 0.029208 0.140887 0.028514 0.140326 0.027475 0.140129 0.026250 0.140326 0.025025 0.140887 0.023986 0.141726 0.023292 0.142716 0.023048 0.143705 0.023292 0.144544 0.023986 0.145105 0.025025
0 0.148032 0.021875 0.147873 0.023336 0.147421 0.024574 0.146746 0.025402 0.145948 0.025692 0.145151 0.025402 0.144475 0.024574 0.144024 0.023336 0.143865 0.021875 0.144024 0.020414 0.144475 0.019176 0.145151 0.018348 0.145948 0.018058 0.146746 0.018348 0.147421 0.019176 0.147873 0.020414
0 0.146494 0.015404 0.146336 0.016416 0.145884 0.017274 0.145208 0.017847 0.144411 0.018048 0.143614 0.017847 0.142938 0.017274 0.142486 0.016416 0.142328 0.015404 0.142486 0.014392 0.142938 0.013534 0.143614 0.012961 0.144411 0.012760 0.145208 0.012961 0.145884 0.013534 0.146336 0.014392
0 0.170273 0.019096 0.170099 0.020104 0.169602 0.020959 0.168858 0.021530 0.167981 0.021731 0.167104 0.021530 0.166361 0.020959 0.165864 0.020104 0.165690 0.019096 0.165864 0.018088 0.166361 0.017233 0.167104 0.016662 0.167981 0.016462 0.168858 0.016662 0.169602 0.017233 0.170099 0.018088
0 0.162076 0.021288 0.161902 0.022297 0.161405 0.023151 0.160661 0.023723 0.159784 0.023923 0.158907 0.023723 0.158164 0.023151 0.157667 0.022297 0.157493 0.021288 0.157667 0.020280 0.158164 0.019426 0.158907 0.018854 0.159784 0.018654 0.160661 0.018854 0.161405 0.019426 0.161902 0.020280
0 0.155855 0.018654 0.155692 0.020166 0.155230 0.021448 0.154538 0.022305 0.153721 0.022606 0.152905 0.022305 0.152213 0.021448 0.151750 0.020166 0.151588 0.018654 0.151750 0.017142 0.152213 0.015859 0.152905 0.015003 0.153721 0.014702 0.154538 0.015003 0.155230 0.015859 0.155692 0.017142
0 0.157155 0.010981 0.156981 0.012578 0.156484 0.013932 0.155740 0.014836 0.154864 0.015154 0.153987 0.014836 0.153243 0.013932 0.152746 0.012578 0.152572 0.010981 0.152746 0.009384 0.153243 0.008030 0.153987 0.007125 0.154864 0.006808 0.155740 0.007125 0.156484 0.008030 0.156981 0.009384
0 0.129619 0.044769 0.129370 0.046197 0.128660 0.047407 0.127597 0.048216 0.126343 0.048500 0.125090 0.048216 0.124027 0.047407 0.123317 0.046197 0.123068 0.044769 0.123317 0.043342 0.124027 0.042131 0.125090 0.041322 0.126343 0.041038 0.127597 0.041322 0.128660 0.042131 0.129370 0.043342
0 0.134540 0.041471 0.134341 0.042645 0.133772 0.043640 0.132922 0.044305 0.131918 0.044538 0.130915 0.044305 0.130064 0.043640 0.129496 0.042645 0.129296 0.041471 0.129496 0.040297 0.130064 0.039302 0.130915 0.038637 0.131918 0.038404 0.132922 0.038637 0.133772 0.039302 0.134341 0.040297
0 0.138147 0.039058 0.137984 0.039981 0.137522 0.040764 0.136829 0.041287 0.136013 0.041471 0.135196 0.041287 0.134504 0.040764 0.134042 0.039981 0.133879 0.039058 0.134042 0.038134 0.134504 0.037351 0.135196 0.036828 0.136013 0.036644 0.136829 0.036828 0.137522 0.037351 0.137984 0.038134
0 0.130927 0.035769 0.130752 0.037447 0.130256 0.038870 0.129512 0.039820 0.128635 0.040154 0.127758 0.039820 0.127015 0.038870 0.126518 0.037447 0.126343 0.035769 0.126518 0.034091 0.127015 0.032669 0.127758 0.031718 0.128635 0.031385 0.129512 0.031718 0.130256 0.032669 0.130752 0.034091
0 0.131588 0.028308 0.131413 0.029482 0.130916 0.030477 0.130173 0.031142 0.129296 0.031375 0.128419 0.031142 0.127676 0.030477 0.127179 0.029482 0.127004 0.028308 0.127179 0.027134 0.127676 0.026139 0.128419 0.025474 0.129296 0.025240 0.130173 0.025474 0.130916 0.026139 0.131413 0.027134
0 0.121092 0.040375 0.120918 0.041803 0.120421 0.043013 0.119677 0.043822 0.118800 0.044106 0.117923 0.043822 0.117180 0.043013 0.116683 0.041803 0.116509 0.040375 0.116683 0.038947 0.117180 0.037737 0.117923 0.036928 0.118800 0.036644 0.119677 0.036928 0.120421 0.037737 0.120918 0.038947
0 0.124052 0.034452 0.123814 0.035626 0.123139 0.036621 0.122127 0.037286 0.120934 0.037519 0.119741 0.037286 0.118729 0.036621 0.118053 0.035626 0.117816 0.034452 0.118053 0.033278 0.118729 0.032283 0.119741 0.031618 0.120934 0.031385 0.122127 0.031618 0.123139 0.032283 0.123814 0.033278
0 0.016509 0.055298 0.016284 0.057061 0.015644 0.058555 0.014686 0.059553 0.013556 0.059904 0.012426 0.059553 0.011468 0.058555 0.010828 0.057061 0.010603 0.055298 0.010828 0.053536 0.011468 0.052041 0.012426 0.051043 0.013556 0.050692 0.014686 0.051043 0.015644 0.052041 0.016284 0.053536
0 0.017823 0.038846 0.017599 0.040189 0.016958 0.041328 0.016001 0.042089 0.014871 0.042356 0.013741 0.042089 0.012783 0.041328 0.012143 0.040189 0.011918 0.038846 0.012143 0.037503 0.012783 0.036364 0.013741 0.035604 0.014871 0.035337 0.016001 0.035604 0.016958 0.036364 0.017599 0.037503
0 0.011264 0.028087 0.011052 0.029514 0.010448 0.030725 0.009544 0.031533 0.008477 0.031817 0.007410 0.031533 0.006506 0.030725 0.005902 0.029514 0.005690 0.028087 0.005902 0.026659 0.006506 0.025448 0.007410 0.024640 0.008477 0.024356 0.009544 0.024640 0.010448 0.025448 0.011052 0.026659
0 0.007658 0.032913 0.007458 0.034341 0.006890 0.035552 0.006039 0.036360 0.005036 0.036644 0.004032 0.036360 0.003182 0.035552 0.002613 0.034341 0.002414 0.032913 0.002613 0.031486 0.003182 0.030275 0.004032 0.029467 0.005036 0.029183 0.006039 0.029467 0.006890 0.030275 0.007458 0.031486
0 0.021753 0.016683 0.021528 0.018110 0.020888 0.019321 0.019930 0.020129 0.018800 0.020413 0.017670 0.020129 0.016712 0.019321 0.016072 0.018110 0.015848 0.016683 0.016072 0.015255 0.016712 0.014045 0.017670 0.013236 0.018800 0.012952 0.019930 0.013236 0.020888 0.014045 0.021528 0.015255
0 0.024375 0.010981 0.024163 0.012239 0.023559 0.013306 0.022654 0.014019 0.021588 0.014269 0.020521 0.014019 0.019617 0.013306 0.019012 0.012239 0.018800 0.010981 0.019012 0.009722 0.019617 0.008655 0.020521 0.007943 0.021588 0.007692 0.022654 0.007943 0.023559 0.008655 0.024163 0.009722
0 0.022737 0.059904 0.022512 0.061416 0.021872 0.062698 0.020914 0.063555 0.019784 0.063856 0.018655 0.063555 0.017697 0.062698 0.017057 0.061416 0.016832 0.059904 0.017057 0.058392 0.017697 0.057109 0.018655 0.056253 0.019784 0.055952 0.020914 0.056253 0.021872 0.057109 0.022512 0.058392
0 0.027328 0.056615 0.027103 0.057874 0.026463 0.058941 0.025505 0.059654 0.024375 0.059904 0.023245 0.059654 0.022287 0.058941 0.021647 0.057874 0.021422 0.056615 0.021647 0.055357 0.022287 0.054290 0.023245 0.053577 0.024375 0.053327 0.025505 0.053577 0.026463 0.054290 0.027103 0.055357
0 0.029619 0.098962 0.029445 0.100305 0.028948 0.101443 0.028205 0.102204 0.027328 0.102471 0.026451 0.102204 0.025707 0.101443 0.025210 0.100305 0.025036 0.098962 0.025210 0.097618 0.025707 0.096480 0.026451 0.095719 0.027328 0.095452 0.028205 0.095719 0.028948 0.096480 0.029445 0.097618
0 0.028966 0.135827 0.028778 0.137170 0.028246 0.138309 0.027449 0.139069 0.026509 0.139337 0.025568 0.139069 0.024771 0.138309 0.024239 0.137170 0.024052 0.135827 0.024239 0.134484 0.024771 0.133345 0.025568 0.132584 0.026509 0.132317 0.027449 0.132584 0.028246 0.133345 0.028778 0.134484
0 0.034210 0.137577 0.034010 0.138920 0.033442 0.140059 0.032591 0.140819 0.031588 0.141087 0.030584 0.140819 0.029734 0.140059 0.029165 0.138920 0.028966 0.137577 0.029165 0.136234 0.029734 0.135095 0.030584 0.134334 0.031588 0.134067 0.032591 0.134334 0.033442 0.135095 0.034010 0.136234
0 0.033886 0.117837 0.033687 0.119010 0.033118 0.120005 0.032268 0.120670 0.031264 0.120904 0.030261 0.120670 0.029410 0.120005 0.028842 0.119010 0.028642 0.117837 0.028842 0.116663 0.029410 0.115668 0.030261 0.115003 0.031264 0.114769 0.032268 0.115003 0.033118 0.115668 0.033687 0.116663
0 0.037816 0.116731 0.037616 0.117989 0.037048 0.119056 0.036197 0.119769 0.035194 0.120019 0.034191 0.119769 0.033340 0.119056 0.032771 0.117989 0.032572 0.116731 0.032771 0.115472 0.033340 0.114405 0.034191 0.113693 0.035194 0.113442 0.036197 0.113693 0.037048 0.114405 0.037616 0.115472
0 0.042083 0.128587 0.041871 0.130014 0.041267 0.131225 0.040363 0.132033 0.039296 0.132317 0.038229 0.132033 0.037325 0.131225 0.036721 0.130014 0.036509 0.128587 0.036721 0.127159 0.037325 0.125948 0.038229 0.125140 0.039296 0.124856 0.040363 0.125140 0.041267 0.125948 0.041871 0.127159
0 0.047989 0.146577 0.047826 0.148005 0.047364 0.149215 0.046671 0.150024 0.045855 0.150308 0.045038 0.150024 0.044346 0.149215 0.043884 0.148005 0.043721 0.146577 0.043884 0.145149 0.044346 0.143939 0.045038 0.143130 0.045855 0.142846 0.046671 0.143130 0.047364 0.143939 0.047826 0.145149
0 0.048642 0.141308 0.048492 0.142566 0.048066 0.143633 0.047427 0.144346 0.046674 0.144596 0.045921 0.144346 0.045282 0.143633 0.044855 0.142566 0.044705 0.141308 0.044855 0.140049 0.045282 0.138982 0.045921 0.138270 0.046674 0.138019 0.047427 0.138270 0.048066 0.138982 0.048492 0.140049
0 0.049950 0.131000 0.049775 0.132174 0.049278 0.133169 0.048535 0.133834 0.047658 0.134067 0.046781 0.133834 0.046038 0.133169 0.045541 0.132174 0.045366 0.131000 0.045541 0.129826 0.046038 0.128831 0.046781 0.128166 0.047658 0.127933 0.048535 0.128166 0.049278 0.128831 0.049775 0.129826
0 0.052241 0.124413 0.052042 0.126091 0.051473 0.127514 0.050623 0.128464 0.049619 0.128798 0.048616 0.128464 0.047765 0.127514 0.047197 0.126091 0.046997 0.124413 0.047197 0.122736 0.047765 0.121313 0.048616 0.120363 0.049619 0.120029 0.050623 0.120363 0.051473 0.121313 0.052042 0.122736
0 0.136545 0.098923 0.136273 0.100042 0.135499 0.100990 0.134340 0.101624 0.132974 0.101846 0.131608 0.101624 0.130449 0.100990 0.129676 0.100042 0.129404 0.098923 0.129676 0.097804 0.130449 0.096856 0.131608 0.096223 0.132974 0.096000 0.134340 0.096223 0.135499 0.096856 0.136273 0.097804
0 0.131789 0.095212 0.131592 0.096533 0.131033 0.097652 0.130197 0.098401 0.129210 0.098663 0.128223 0.098401 0.127386 0.097652 0.126827 0.096533 0.126631 0.095212 0.126827 0.093891 0.127386 0.092771 0.128223 0.092022 0.129210 0.091760 0.130197 0.092022 0.131033 0.092771 0.131592 0.093891
0 0.143678 0.090692 0.143392 0.092113 0.142576 0.093317 0.141354 0.094121 0.139914 0.094404 0.138473 0.094121 0.137252 0.093317 0.136436 0.092113 0.136149 0.090692 0.136436 0.089272 0.137252 0.088068 0.138473 0.087263 0.139914 0.086981 0.141354 0.087263 0.142576 0.088068 0.143392 0.089272
0 0.143678 0.083529 0.143392 0.084850 0.142576 0.085970 0.141354 0.086718 0.139914 0.086981 0.138473 0.086718 0.137252 0.085970 0.136436 0.084850 0.136149 0.083529 0.136436 0.082208 0.137252 0.081088 0.138473 0.080340 0.139914 0.080077 0.141354 0.080340 0.142576 0.081088 0.143392 0.082208
0 0.146063 0.087240 0.145882 0.088561 0.145367 0.089681 0.144595 0.090430 0.143685 0.090692 0.142775 0.090430 0.142004 0.089681 0.141488 0.088561 0.141307 0.087240 0.141488 0.085919 0.142004 0.084800 0.142775 0.084051 0.143685 0.083788 0.144595 0.084051 0.145367 0.084800 0.145882 0.085919
0 0.152407 0.096798 0.152210 0.098321 0.151651 0.099613 0.150815 0.100476 0.149828 0.100779 0.148841 0.100476 0.148004 0.099613 0.147445 0.098321 0.147249 0.096798 0.147445 0.095275 0.148004 0.093983 0.148841 0.093120 0.149828 0.092817 0.150815 0.093120 0.151651 0.093983 0.152210 0.095275
0 0.152802 0.081933 0.152605 0.083254 0.152046 0.084374 0.151210 0.085122 0.150223 0.085385 0.149236 0.085122 0.148399 0.084374 0.147840 0.083254 0.147644 0.081933 0.147840 0.080612 0.148399 0.079492 0.149236 0.078744 0.150223 0.078481 0.151210 0.078744 0.152046 0.079492 0.152605 0.080612
0 0.148836 0.077692 0.148550 0.079013 0.147734 0.080133 0.146512 0.080881 0.145072 0.081144 0.143631 0.080881 0.142410 0.080133 0.141594 0.079013 0.141307 0.077692 0.141594 0.076371 0.142410 0.075251 0.143631 0.074503 0.145072 0.074240 0.146512 0.074503 0.147734 0.075251 0.148550 0.076371
0 0.157960 0.080606 0.157749 0.082026 0.157148 0.083230 0.156248 0.084035 0.155187 0.084317 0.154126 0.084035 0.153226 0.083230 0.152625 0.082026 0.152414 0.080606 0.152625 0.079185 0.153226 0.077981 0.154126 0.077177 0.155187 0.076894 0.156248 0.077177 0.157148 0.077981 0.157749 0.079185
0 0.161128 0.081144 0.160947 0.082771 0.160431 0.084149 0.159660 0.085071 0.158750 0.085394 0.157840 0.085071 0.157069 0.084149 0.156553 0.082771 0.156372 0.081144 0.156553 0.079518 0.157069 0.078139 0.157840 0.077218 0.158750 0.076894 0.159660 0.077218 0.160431 0.078139 0.160947 0.079518
0 0.115920 0.025404 0.115693 0.026419 0.115048 0.027280 0.114084 0.027856 0.112945 0.028058 0.111807 0.027856 0.110842 0.027280 0.110198 0.026419 0.109971 0.025404 0.110198 0.024388 0.110842 0.023527 0.111807 0.022952 0.112945 0.022750 0.114084 0.022952 0.115048 0.023527 0.115693 0.024388
0 0.120682 0.023548 0.120456 0.024667 0.119811 0.025615 0.118846 0.026249 0.117708 0.026471 0.116570 0.026249 0.115605 0.025615 0.114961 0.024667 0.114734 0.023548 0.114961 0.022429 0.115605 0.021481 0.116570 0.020848 0.117708 0.020625 0.118846 0.020848 0.119811 0.021481 0.120456 0.022429
0 0.105611 0.021423 0.105354 0.022542 0.104624 0.023490 0.103531 0.024124 0.102241 0.024346 0.100952 0.024124 0.099859 0.023490 0.099129 0.022542 0.098872 0.021423 0.099129 0.020304 0.099859 0.019356 0.100952 0.018723 0.102241 0.018500 0.103531 0.018723 0.104624 0.019356 0.105354 0.020304
0 0.107198 0.032308 0.107002 0.033526 0.106443 0.034558 0.105606 0.035248 0.104619 0.035490 0.103632 0.035248 0.102796 0.034558 0.102237 0.033526 0.102040 0.032308 0.102237 0.031090 0.102796 0.030057 0.103632 0.029367 0.104619 0.029125 0.105606 0.029367 0.106443 0.030057 0.107002 0.031090
0 0.107989 0.029385 0.107838 0.030297 0.107408 0.031071 0.106765 0.031588 0.106006 0.031769 0.105247 0.031588 0.104604 0.031071 0.104174 0.030297 0.104023 0.029385 0.104174 0.028472 0.104604 0.027698 0.105247 0.027182 0.106006 0.027000 0.106765 0.027182 0.107408 0.027698 0.107838 0.028472
0 0.153994 0.129712 0.153813 0.131235 0.153298 0.132526 0.152526 0.133389 0.151616 0.133692 0.150706 0.133389 0.149935 0.132526 0.149420 0.131235 0.149239 0.129712 0.149420 0.128188 0.149935 0.126897 0.150706 0.126034 0.151616 0.125731 0.152526 0.126034 0.153298 0.126897 0.153813 0.128188
0 0.147644 0.125462 0.147433 0.126580 0.146831 0.127528 0.145932 0.128162 0.144871 0.128385 0.143810 0.128162 0.142910 0.127528 0.142309 0.126580 0.142098 0.125462 0.142309 0.124343 0.142910 0.123395 0.143810 0.122761 0.144871 0.122538 0.145932 0.122761 0.146831 0.123395 0.147433 0.124343
0 0.146458 0.131837 0.146292 0.133360 0.145819 0.134651 0.145110 0.135514 0.144274 0.135817 0.143439 0.135514 0.142730 0.134651 0.142257 0.133360 0.142091 0.131837 0.142257 0.130313 0.142730 0.129022 0.143439 0.128159 0.144274 0.127856 0.145110 0.128159 0.145819 0.129022 0.146292 0.130313
0 0.077845 0.192087 0.077634 0.193507 0.077033 0.194711 0.076133 0.195516 0.075072 0.195798 0.074011 0.195516 0.073111 0.194711 0.072510 0.193507 0.072299 0.192087 0.072510 0.190666 0.073111 0.189462 0.074011 0.188658 0.075072 0.188375 0.076133 0.188658 0.077033 0.189462 0.077634 0.190666
0 0.073886 0.187567 0.073645 0.188888 0.072956 0.190008 0.071926 0.190756 0.070711 0.191019 0.069496 0.190756 0.068466 0.190008 0.067778 0.188888 0.067536 0.187567 0.067778 0.186246 0.068466 0.185126 0.069496 0.184378 0.070711 0.184115 0.071926 0.184378 0.072956 0.185126 0.073645 0.186246
0 0.098075 0.097067 0.097848 0.098285 0.097204 0.099318 0.096239 0.100008 0.095101 0.100250 0.093962 0.100008 0.092998 0.099318 0.092353 0.098285 0.092126 0.097067 0.092353 0.095849 0.092998 0.094817 0.093962 0.094127 0.095101 0.093885 0.096239 0.094127 0.097204 0.094817 0.097848 0.095849
0 0.103233 0.093346 0.102991 0.094564 0.102303 0.095597 0.101273 0.096287 0.100057 0.096529 0.098842 0.096287 0.097812 0.095597 0.097124 0.094564 0.096882 0.093346 0.097124 0.092128 0.097812 0.091096 0.098842 0.090406 0.100057 0.090163 0.101273 0.090406 0.102303 0.091096 0.102991 0.092128
0 0.080223 0.083260 0.080012 0.084275 0.079411 0.085136 0.078511 0.085711 0.077450 0.085913 0.076389 0.085711 0.075489 0.085136 0.074888 0.084275 0.074677 0.083260 0.074888 0.082244 0.075489 0.081383 0.076389 0.080808 0.077450 0.080606 0.078511 0.080808 0.079411 0.081383 0.080012 0.082244
0 0.080223 0.076365 0.080012 0.077381 0.079411 0.078242 0.078511 0.078817 0.077450 0.079019 0.076389 0.078817 0.075489 0.078242 0.074888 0.077381 0.074677 0.076365 0.074888 0.075350 0.075489 0.074489 0.076389 0.073914 0.077450 0.073712 0.078511 0.073914 0.079411 0.074489 0.080012 0.075350
0 0.107593 0.086712 0.107397 0.088235 0.106838 0.089526 0.106001 0.090389 0.105014 0.090692 0.104027 0.090389 0.103191 0.089526 0.102632 0.088235 0.102435 0.086712 0.102632 0.085188 0.103191 0.083897 0.104027 0.083034 0.105014 0.082731 0.106001 0.083034 0.106838 0.083897 0.107397 0.085188
0 0.099260 0.076365 0.099049 0.077583 0.098448 0.078616 0.097548 0.079306 0.096487 0.079548 0.095426 0.079306 0.094526 0.078616 0.093925 0.077583 0.093714 0.076365 0.093925 0.075147 0.094526 0.074115 0.095426 0.073425 0.096487 0.073183 0.097548 0.073425 0.098448 0.074115 0.099049 0.075147
0 0.090539 0.070260 0.090358 0.071581 0.089842 0.072700 0.089071 0.073449 0.088161 0.073712 0.087251 0.073449 0.086480 0.072700 0.085964 0.071581 0.085783 0.070260 0.085964 0.068939 0.086480 0.067819 0.087251 0.067070 0.088161 0.066808 0.089071 0.067070 0.089842 0.067819 0.090358 0.068939
0 0.086171 0.073442 0.085960 0.074561 0.085359 0.075509 0.084459 0.076143 0.083398 0.076365 0.082337 0.076143 0.081437 0.075509 0.080836 0.074561 0.080625 0.073442 0.080836 0.072324 0.081437 0.071375 0.082337 0.070742 0.083398 0.070519 0.084459 0.070742 0.085359 0.071375 0.085960 0.072324
0 0.082608 0.067337 0.082411 0.068963 0.081852 0.070342 0.081016 0.071263 0.080029 0.071587 0.079042 0.071263 0.078205 0.070342 0.077646 0.068963 0.077450 0.067337 0.077646 0.065710 0.078205 0.064331 0.079042 0.063410 0.080029 0.063087 0.081016 0.063410 0.081852 0.064331 0.082411 0.065710
0 0.073886 0.063096 0.073645 0.064314 0.072956 0.065347 0.071926 0.066037 0.070711 0.066279 0.069496 0.066037 0.068466 0.065347 0.067778 0.064314 0.067536 0.063096 0.067778 0.061878 0.068466 0.060846 0.069496 0.060156 0.070711 0.059913 0.071926 0.060156 0.072956 0.060846 0.073645 0.061878
0 0.068333 0.060702 0.068092 0.061821 0.067403 0.062769 0.066373 0.063402 0.065158 0.063625 0.063943 0.063402 0.062913 0.062769 0.062224 0.061821 0.061983 0.060702 0.062224 0.059583 0.062913 0.058635 0.063943 0.058001 0.065158 0.057779 0.066373 0.058001 0.067403 0.058635 0.068092 0.059583
0 0.070309 0.057788 0.070173 0.059006 0.069787 0.060039 0.069209 0.060729 0.068527 0.060971 0.067846 0.060729 0.067268 0.060039 0.066881 0.059006 0.066746 0.057788 0.066881 0.056570 0.067268 0.055538 0.067846 0.054848 0.068527 0.054606 0.069209 0.054848 0.069787 0.055538 0.070173 0.056570