2 0.134325 0.114452 0.134073 0.115964 0.133355 0.117246 0.132280 0.118103 0.131013 0.118404 0.129746 0.118103 0.128671 0.117246 0.127953 0.115964 0.127701 0.114452 0.127953 0.112940 0.128671 0.111657 0.129746 0.110801 0.131013 0.110500 0.132280 0.110801 0.133355 0.111657 0.134073 0.112940
2 0.042694 0.178529 0.042476 0.180085 0.041854 0.181405 0.040925 0.182287 0.039828 0.182596 0.038731 0.182287 0.037801 0.181405 0.037179 0.180085 0.036961 0.178529 0.037179 0.176972 0.037801 0.175653 0.038731 0.174771 0.039828 0.174462 0.040925 0.174771 0.041854 0.175653 0.042476 0.176972
2 0.092443 0.158173 0.092190 0.159822 0.091473 0.161219 0.090398 0.162153 0.089131 0.162481 0.087863 0.162153 0.086789 0.161219 0.086071 0.159822 0.085819 0.158173 0.086071 0.156525 0.086789 0.155127 0.087863 0.154193 0.089131 0.153865 0.090398 0.154193 0.091473 0.155127 0.092190 0.156525
2 0.089224 0.151346 0.088958 0.153134 0.088202 0.154651 0.087069 0.155664 0.085733 0.156019 0.084397 0.155664 0.083264 0.154651 0.082507 0.153134 0.082241 0.151346 0.082507 0.149558 0.083264 0.148042 0.084397 0.147029 0.085733 0.146673 0.087069 0.147029 0.088202 0.148042 0.088958 0.149558
2 0.141710 0.060952 0.141454 0.062545 0.140725 0.063896 0.139634 0.064798 0.138348 0.065115 0.137061 0.064798 0.135970 0.063896 0.135242 0.062545 0.134986 0.060952 0.135242 0.059359 0.135970 0.058008 0.137061 0.057105 0.138348 0.056788 0.139634 0.057105 0.140725 0.058008 0.141454 0.059359
2 0.138161 0.066721 0.137948 0.068186 0.137342 0.069427 0.136436 0.070257 0.135366 0.070548 0.134297 0.070257 0.133390 0.069427 0.132785 0.068186 0.132572 0.066721 0.132785 0.065257 0.133390 0.064015 0.134297 0.063186 0.135366 0.062894 0.136436 0.063186 0.137342 0.064015 0.137948 0.065257
2 0.111042 0.083327 0.110804 0.084887 0.110126 0.086210 0.109113 0.087094 0.107917 0.087404 0.106721 0.087094 0.105707 0.086210 0.105030 0.084887 0.104792 0.083327 0.105030 0.081767 0.105707 0.080444 0.106721 0.079560 0.107917 0.079250 0.109113 0.079560 0.110126 0.080444 0.110804 0.081767
2 0.109950 0.093048 0.109730 0.094329 0.109104 0.095414 0.108167 0.096140 0.107062 0.096394 0.105957 0.096140 0.105020 0.095414 0.104394 0.094329 0.104174 0.093048 0.104394 0.091768 0.105020 0.090682 0.105957 0.089957 0.107062 0.089702 0.108167 0.089957 0.109104 0.090682 0.109730 0.091768
2 0.105733 0.091058 0.105542 0.092379 0.105001 0.093499 0.104189 0.094247 0.103233 0.094510 0.102276 0.094247 0.101465 0.093499 0.100923 0.092379 0.100733 0.091058 0.100923 0.089737 0.101465 0.088617 0.102276 0.087869 0.103233 0.087606 0.104189 0.087869 0.105001 0.088617 0.105542 0.089737
2 0.105108 0.087192 0.104923 0.088473 0.104399 0.089558 0.103613 0.090284 0.102687 0.090538 0.101760 0.090284 0.100975 0.089558 0.100450 0.088473 0.100266 0.087192 0.100450 0.085912 0.100975 0.084826 0.101760 0.084101 0.102687 0.083846 0.103613 0.084101 0.104399 0.084826 0.104923 0.085912
2 0.115409 0.090019 0.115196 0.091579 0.114587 0.092902 0.113675 0.093786 0.112601 0.094096 0.111526 0.093786 0.110614 0.092902 0.110005 0.091579 0.109792 0.090019 0.110005 0.088459 0.110614 0.087136 0.111526 0.086253 0.112601 0.085942 0.113675 0.086253 0.114587 0.087136 0.115196 0.088459
2 0.114950 0.082808 0.114759 0.084327 0.114217 0.085616 0.113406 0.086477 0.112450 0.086779 0.111493 0.086477 0.110682 0.085616 0.110140 0.084327 0.109950 0.082808 0.110140 0.081288 0.110682 0.080000 0.111493 0.079139 0.112450 0.078837 0.113406 0.079139 0.114217 0.080000 0.114759 0.081288
2 0.111509 0.088346 0.111372 0.089424 0.110983 0.090338 0.110400 0.090949 0.109713 0.091163 0.109025 0.090949 0.108443 0.090338 0.108053 0.089424 0.107917 0.088346 0.108053 0.087268 0.108443 0.086354 0.109025 0.085743 0.109713 0.085529 0.110400 0.085743 0.110983 0.086354 0.111372 0.087268
2 0.107917 0.077058 0.107738 0.078217 0.107231 0.079199 0.106471 0.079856 0.105575 0.080087 0.104678 0.079856 0.103919 0.079199 0.103411 0.078217 0.103233 0.077058 0.103411 0.075899 0.103919 0.074916 0.104678 0.074259 0.105575 0.074029 0.106471 0.074259 0.107231 0.074916 0.107738 0.075899
2 0.101365 0.074452 0.101169 0.075732 0.100610 0.076818 0.099773 0.077543 0.098786 0.077798 0.097799 0.077543 0.096962 0.076818 0.096403 0.075732 0.096207 0.074452 0.096403 0.073171 0.096962 0.072086 0.097799 0.071360 0.098786 0.071106 0.099773 0.071360 0.100610 0.072086 0.101169 0.073171
2 0.107141 0.072144 0.106963 0.073263 0.106455 0.074211 0.105695 0.074845 0.104799 0.075067 0.103903 0.074845 0.103143 0.074211 0.102635 0.073263 0.102457 0.072144 0.102635 0.071026 0.103143 0.070077 0.103903 0.069444 0.104799 0.069221 0.105695 0.069444 0.106455 0.070077 0.106963 0.071026
2 0.100273 0.069846 0.100041 0.071204 0.099381 0.072355 0.098393 0.073124 0.097227 0.073394 0.096061 0.073124 0.095073 0.072355 0.094413 0.071204 0.094181 0.069846 0.094413 0.068488 0.095073 0.067337 0.096061 0.066568 0.097227 0.066298 0.098393 0.066568 0.099381 0.067337 0.100041 0.068488
2 0.095740 0.065779 0.095532 0.067100 0.094940 0.068220 0.094055 0.068968 0.093010 0.069231 0.091965 0.068968 0.091080 0.068220 0.090488 0.067100 0.090280 0.065779 0.090488 0.064458 0.091080 0.063338 0.091965 0.062590 0.093010 0.062327 0.094055 0.062590 0.094940 0.063338 0.095532 0.064458
2 0.062536 0.103038 0.062319 0.104496 0.061703 0.105731 0.060780 0.106556 0.059691 0.106846 0.058602 0.106556 0.057679 0.105731 0.057063 0.104496 0.056846 0.103038 0.057063 0.101581 0.057679 0.100346 0.058602 0.099521 0.059691 0.099231 0.060780 0.099521 0.061703 0.100346 0.062319 0.101581
2 0.057960 0.084837 0.057738 0.086224 0.057105 0.087400 0.056159 0.088186 0.055043 0.088462 0.053927 0.088186 0.052981 0.087400 0.052348 0.086224 0.052126 0.084837 0.052348 0.083449 0.052981 0.082273 0.053927 0.081487 0.055043 0.081212 0.056159 0.081487 0.057105 0.082273 0.057738 0.083449
2 0.056710 0.091337 0.056477 0.092650 0.055816 0.093764 0.054825 0.094508 0.053657 0.094769 0.052488 0.094508 0.051498 0.093764 0.050836 0.092650 0.050603 0.091337 0.050836 0.090023 0.051498 0.088909 0.052488 0.088165 0.053657 0.087904 0.054825 0.088165 0.055816 0.088909 0.056477 0.090023
2 0.064892 0.085115 0.064660 0.086679 0.063998 0.088005 0.063007 0.088891 0.061839 0.089202 0.060671 0.088891 0.059680 0.088005 0.059018 0.086679 0.058786 0.085115 0.059018 0.083552 0.059680 0.082226 0.060671 0.081340 0.061839 0.081029 0.063007 0.081340 0.063998 0.082226 0.064660 0.083552
2 0.067953 0.082788 0.067746 0.084176 0.067159 0.085352 0.066281 0.086138 0.065244 0.086413 0.064208 0.086138 0.063329 0.085352 0.062742 0.084176 0.062536 0.082788 0.062742 0.081401 0.063329 0.080225 0.064208 0.079439 0.065244 0.079163 0.066281 0.079439 0.067159 0.080225 0.067746 0.081401
2 0.071142 0.082423 0.070952 0.083667 0.070410 0.084721 0.069599 0.085426 0.068642 0.085673 0.067686 0.085426 0.066874 0.084721 0.066333 0.083667 0.066142 0.082423 0.066333 0.081179 0.066874 0.080125 0.067686 0.079420 0.068642 0.079173 0.069599 0.079420 0.070410 0.080125 0.070952 0.081179
5 0.083019 0.146031 0.070606 0.140137 0.069165 0.145574 0.081578 0.151469
5 0.091349 0.161179 0.101759 0.164939 0.102882 0.159369 0.092472 0.155609
5 0.041681 0.002581 0.045295 0.004995 0.047219 0.000000 0.043606 0.000000
5 0.068917 0.080501 0.082933 0.059164 0.079696 0.055355 0.065680 0.076691
5 0.067211 0.073873 0.060506 0.059290 0.050837 0.047973 0.047999 0.052316 0.057243 0.062954 0.063522 0.076858
5 0.060393 0.079583 0.053926 0.066885 0.050061 0.046837 0.045887 0.048278 0.050046 0.069205 0.056806 0.082782
5 0.054171 0.092302 0.036298 0.098773 0.037423 0.104342 0.055297 0.097871
5 0.056811 0.104798 0.049043 0.135525 0.043001 0.141987 0.045692 0.146494 0.052420 0.138740 0.060875 0.106721
5 0.062279 0.090035 0.066049 0.098790 0.073531 0.107910 0.082949 0.111140 0.084019 0.105552 0.075561 0.103037 0.069423 0.095302 0.066040 0.087215
2 0.063930 0.094596 0.063709 0.096142 0.063080 0.097452 0.062138 0.098327 0.061027 0.098635 0.059917 0.098327 0.058975 0.097452 0.058346 0.096142 0.058125 0.094596 0.058346 0.093051 0.058975 0.091741 0.059917 0.090865 0.061027 0.090558 0.062138 0.090865 0.063080 0.091741 0.063709 0.093051
5 0.070765 0.087902 0.099034 0.095018 0.099831 0.089348 0.071562 0.082232
5 0.099937 0.081856 0.077472 0.081539 0.077427 0.087308 0.099891 0.087625
5 0.100236 0.092646 0.092506 0.110117 0.096215 0.113056 0.103945 0.095585
5 0.110910 0.074800 0.104387 0.047637 0.100283 0.049402 0.106806 0.076565